2.203383208128001570e+04
2.203383208128001570e+04
2.203383208128001570e+04
2.203383208128001570e+04
2.203383208128001570e+04
2.203383208128001570e+04
1.850520641555776137e+03
1.850520641555776137e+03
1.850520641555776137e+03
1.850520641555776137e+03
2.571178176147817430e+04
5.870560511098567076e+04
2.203383208128001570e+04
2.203383208128001570e+04
2.203383208128001570e+04
2.203383208128001570e+04
1.850520641555776137e+03
2.203383208128001570e+04
2.203383208128001570e+04
1.850520641555776137e+03
1.850520641555776137e+03
1.850520641555776137e+03
2.203383208128001570e+04
2.936910520423450726e+04
1.850520641555776137e+03
