-9.119091630000000350e+02
4.206246310000000221e+01
5.014624810000000110e+01
1.059549810000000036e+02
1.413122979999999984e+02
1.769667890000000057e+02
2.213403150000000039e+02
2.702866149999999834e+02
2.729732809999999859e+02
3.736279420000000187e+02
3.830486839999999802e+02
4.119392849999999839e+02
4.387102380000000039e+02
4.767094420000000241e+02
4.962836070000000177e+02
5.061992759999999976e+02
5.390764430000000402e+02
5.583141140000000178e+02
5.784707240000000183e+02
6.196047760000000153e+02
6.901282360000000153e+02
6.968419330000000400e+02
7.244175169999999753e+02
7.418557080000000497e+02
7.452078960000000052e+02
7.595608580000000529e+02
7.684102570000000014e+02
8.170215100000000348e+02
8.238011820000000398e+02
8.634234420000000227e+02
9.054843270000000075e+02
9.152872939999999744e+02
9.544017010000000028e+02
9.572800160000000460e+02
9.885371720000000550e+02
1.000976499999999987e+03
1.039106410000000096e+03
1.048360840000000053e+03
1.086304570000000012e+03
1.131410969999999907e+03
1.150579040000000077e+03
1.170828220000000101e+03
1.178448939999999993e+03
1.226445780000000013e+03
1.252395780000000059e+03
1.263374820000000000e+03
1.294271529999999984e+03
1.358522560000000112e+03
1.370650699999999915e+03
1.393904980000000023e+03
1.404558839999999918e+03
1.445976879999999937e+03
1.478826530000000048e+03
1.513339750000000095e+03
1.523740160000000060e+03
1.542863959999999906e+03
1.565707450000000108e+03
1.620530709999999999e+03
1.645372329999999920e+03
1.655055779999999913e+03
1.832571210000000065e+03
3.204794559999999819e+03
3.209700280000000021e+03
3.217818870000000061e+03
3.219410710000000108e+03
3.225902469999999994e+03
3.230016740000000027e+03
3.237143469999999979e+03
3.238865780000000086e+03
