4.662422864333631765e+02
-9.156983552453262973e+02
-6.050320767749414047e-03
2.805180181928343472e+02
-5.722665628126439969e+02
-6.050320873939752687e-03
4.807409430850536296e+02
-2.263568901902416428e+02
-6.145526316771775591e-03
8.766498347454188433e+02
-2.327045364621872920e+02
-6.445111397851766184e-03
1.058343708488336915e+03
-5.761876245179209945e+02
-6.339578883453031444e-03
8.573305460780940166e+02
-9.156983552453262973e+02
-6.050320825752699382e-03
8.970468148120954766e+01
-3.415154052434257324e+02
-1.659393012548192629e-03
2.990823917225137052e+02
8.917747063304025446e+00
-1.933280120850711711e-03
3.954122709003158320e+02
-1.691254639568374785e+02
-1.861074344236256575e-03
2.922024484289001407e+02
-3.424960435593067700e+02
-1.699104482407585558e-03
2.799793542887740614e+02
8.779218960311715136e+01
-6.768090490763828057e-03
-3.343985938594860841e+02
-7.974453254465869350e+02
-9.432286795349806643e-03
-3.858278985301901685e+02
2.881028512111714690e+02
1.129899161423168199e-03
-7.759260437591118489e+02
2.313361979954740093e+02
5.736965538806185119e-04
-2.478771034551541561e+02
6.797585217549781191e+02
9.071471168367841592e-03
-1.023097167315663683e+03
5.362987640429394105e+02
7.195123213989013458e-03
-2.571608498713371773e+02
-1.559900285693817779e+01
-1.544095770065120931e-03
-5.074477168132137876e+02
9.790794894735305434e+02
1.528643710944188605e-02
-8.917219383861774986e+02
9.091112899027991716e+02
1.467738029828484676e-02
-3.838399782863972405e+02
1.399261199020838262e+02
1.904190819013521982e-03
-1.142180355050538338e+02
3.660815844674613686e+02
6.245764500205515032e-03
-3.160786836117022744e+02
3.307622705666275920e+02
5.813560561346458634e-03
-1.131857892894815905e+02
-1.103875996219203959e+00
-4.664506090557525575e-03
1.261898089968131416e+02
8.590768940082348308e+02
1.275196757772559426e-02
7.411127143458513444e+01
1.311486008640567320e+02
9.329210104675214566e-04
