# x (au) y (au) V (au) npoints = 32 32 q1_range = -100 100 q2_range = -250 250 
-100.0 -250.0 0.07190827758121233 
-100.0 -233.8709677419355 0.06928410635250237 
-100.0 -217.74193548387098 0.06661978566945015 
-100.0 -201.61290322580646 0.06392798182797979 
-100.0 -185.48387096774195 0.06122136112401913 
-100.0 -169.35483870967744 0.05851258985349218 
-100.0 -153.2258064516129 0.05581433431232637 
-100.0 -137.09677419354838 0.05311904035064752 
-100.0 -120.96774193548387 0.05045808334560732 
-100.0 -104.83870967741936 0.047906045479995565 
-100.0 -88.70967741935485 0.04536384540768833 
-100.0 -72.58064516129033 0.04289796218497778 
-100.0 -56.451612903225794 0.040554235491798346 
-100.0 -40.32258064516128 0.03828279903480148 
-100.0 -24.19354838709677 0.036113273395775226 
-100.0 -8.064516129032256 0.034104086385124736 
-100.0 8.064516129032256 0.03220693802874547 
-100.0 24.19354838709677 0.030406319628355237 
-100.0 40.32258064516128 0.028746120550336405 
-100.0 56.451612903225794 0.02721626789194308 
-100.0 72.5806451612903 0.025834551733182675 
-100.0 88.70967741935482 0.02459471054657415 
-100.0 104.83870967741933 0.023470063296826785 
-100.0 120.96774193548384 0.02244696520673284 
-100.0 137.0967741935484 0.021541324159415797 
-100.0 153.22580645161293 0.02077538902609052 
-100.0 169.35483870967744 0.02019398299636126 
-100.0 185.48387096774195 0.019798934980569945 
-100.0 201.61290322580646 0.01959719235349878 
-100.0 217.74193548387098 0.019644972063137277 
-100.0 233.8709677419355 0.01993051432709761 
-100.0 250.0 0.020464437741923518 
-93.54838709677419 -250.0 0.06798823039582969 
-93.54838709677419 -233.8709677419355 0.06519462146223304 
-93.54838709677419 -217.74193548387098 0.062394578563452895 
-93.54838709677419 -201.61290322580646 0.05959789264587706 
-93.54838709677419 -185.48387096774195 0.056814354655895925 
-93.54838709677419 -169.35483870967744 0.05405375553989708 
-93.54838709677419 -153.2258064516129 0.051325886244270744 
-93.54838709677419 -137.09677419354838 0.04862556975520668 
-93.54838709677419 -120.96774193548387 0.04597640629694369 
-93.54838709677419 -104.83870967741936 0.04343409432386011 
-93.54838709677419 -88.70967741935485 0.040925810714105046 
-93.54838709677419 -72.58064516129033 0.03850093551050764 
-93.54838709677419 -56.451612903225794 0.03619376886346649 
-93.54838709677419 -40.32258064516128 0.03396811679411238 
-93.54838709677419 -24.19354838709677 0.031846277207631474 
-93.54838709677419 -8.064516129032256 0.02987122744705401 
-93.54838709677419 8.064516129032256 0.02800687074247012 
-93.54838709677419 24.19354838709677 0.02624200846515311 
-93.54838709677419 40.32258064516128 0.024609795397963062 
-93.54838709677419 56.451612903225794 0.023103234592154843 
-93.54838709677419 72.5806451612903 0.02173640442883131 
-93.54838709677419 88.70967741935482 0.02050498852144273 
-93.54838709677419 104.83870967741933 0.019389252152781325 
-93.54838709677419 120.96774193548384 0.018379379146142953 
-93.54838709677419 137.0967741935484 0.017488091793046105 
-93.54838709677419 153.22580645161293 0.016733218584757778 
-93.54838709677419 169.35483870967744 0.016146141094295068 
-93.54838709677419 185.48387096774195 0.015727926864978696 
-93.54838709677419 201.61290322580646 0.015485089086791175 
-93.54838709677419 217.74193548387098 0.015459048014666306 
-93.54838709677419 233.8709677419355 0.01563951170156446 
-93.54838709677419 250.0 0.01603485820091892 
-87.09677419354838 -250.0 0.06371365335475228 
-87.09677419354838 -233.8709677419355 0.06080228240737795 
-87.09677419354838 -217.74193548387098 0.05791272479269052 
-87.09677419354838 -201.61290322580646 0.055052400343562714 
-87.09677419354838 -185.48387096774195 0.052228728892868614 
-87.09677419354838 -169.35483870967744 0.049449130273480614 
-87.09677419354838 -153.2258064516129 0.04672102431827281 
-87.09677419354838 -137.09677419354838 0.04404112997071437 
-87.09677419354838 -120.96774193548387 0.04142669713413623 
-87.09677419354838 -104.83870967741936 0.03891804555798471 
-87.09677419354838 -88.70967741935485 0.036463645602461105 
-87.09677419354838 -72.58064516129033 0.03409896243286908 
-87.09677419354838 -56.451612903225794 0.03184887751363759 
-87.09677419354838 -40.32258064516128 0.029688244732864036 
-87.09677419354838 -24.19354838709677 0.02763340798685208 
-87.09677419354838 -8.064516129032256 0.025714879918108755 
-87.09677419354838 8.064516129032256 0.023906638213747923 
-87.09677419354838 24.19354838709677 0.022201019835208096 
-87.09677419354838 40.32258064516128 0.02062239067580321 
-87.09677419354838 56.451612903225794 0.01916622921894711 
-87.09677419354838 72.5806451612903 0.01784341835636062 
-87.09677419354838 88.70967741935482 0.016651253056082248 
-87.09677419354838 104.83870967741933 0.015575756651098668 
-87.09677419354838 120.96774193548384 0.014610195314015511 
-87.09677419354838 137.0967741935484 0.013764554729809893 
-87.09677419354838 153.22580645161293 0.013053151910486971 
-87.09677419354838 169.35483870967744 0.012496740322503757 
-87.09677419354838 185.48387096774195 0.012095773152526966 
-87.09677419354838 201.61290322580646 0.011856357520310296 
-87.09677419354838 217.74193548387098 0.011808169970059335 
-87.09677419354838 233.8709677419355 0.011942322212455156 
-87.09677419354838 250.0 0.012265370083184967 
-80.64516129032259 -250.0 0.05918050203073255 
-80.64516129032259 -233.8709677419355 0.05619876986768578 
-80.64516129032259 -217.74193548387098 0.053262128617824464 
-80.64516129032259 -201.61290322580646 0.05037608275285352 
-80.64516129032259 -185.48387096774195 0.0475461367444791 
-80.64516129032259 -169.35483870967744 0.04477779506440606 
-80.64516129032259 -153.2258064516129 0.04207656218434039 
-80.64516129032259 -137.09677419354838 0.039440624163112094 
-80.64516129032259 -120.96774193548387 0.03688216317486262 
-80.64516129032259 -104.83870967741936 0.03442926897344605 
-80.64516129032259 -88.70967741935485 0.032047250548837086 
-80.64516129032259 -72.58064516129033 0.029760522052892518 
-80.64516129032259 -56.451612903225794 0.027586454583860213 
-80.64516129032259 -40.32258064516128 0.025508595297160177 
-80.64516129032259 -24.19354838709677 0.02353856411517305 
-80.64516129032259 -8.064516129032256 0.021697086502174348 
-80.64516129032259 8.064516129032256 0.019966286141896657 
-80.64516129032259 24.19354838709677 0.018341333404241614 
-80.64516129032259 40.32258064516128 0.0168395570603922 
-80.64516129032259 56.451612903225794 0.015458371521352463 
-80.64516129032259 72.5806451612903 0.014205943289971495 
-80.64516129032259 88.70967741935482 0.01308087138360327 
-80.64516129032259 104.83870967741933 0.012073854938403884 
-80.64516129032259 120.96774193548384 0.01118057680241362 
-80.64516129032259 137.0967741935484 0.010408708311078204 
-80.64516129032259 153.22580645161293 0.009769857498420922 
-80.64516129032259 169.35483870967744 0.009276655658417435 
-80.64516129032259 185.48387096774195 0.00892907238241081 
-80.64516129032259 201.61290322580646 0.008732832383767774 
-80.64516129032259 217.74193548387098 0.00870858525007739 
-80.64516129032259 233.8709677419355 0.00884876616599564 
-80.64516129032259 250.0 0.00915848104735403 
-74.19354838709677 -250.0 0.05448473199652236 
-74.19354838709677 -233.8709677419355 0.05147576452290489 
-74.19354838709677 -217.74193548387098 0.04853069429951536 
-74.19354838709677 -201.61290322580646 0.0456535177055658 
-74.19354838709677 -185.48387096774195 0.04284823112026879 
-74.19354838709677 -169.35483870967744 0.04011883092283629 
-74.19354838709677 -153.2258064516129 0.037469313492480845 
-74.19354838709677 -137.09677419354838 0.03489895549834098 
-74.19354838709677 -120.96774193548387 0.032416011736800185 
-74.19354838709677 -104.83870967741936 0.030039134361320607 
-74.19354838709677 -88.70967741935485 0.027746526029313337 
-74.19354838709677 -72.58064516129033 0.0255540934714082 
-74.19354838709677 -56.451612903225794 0.023473393215682776 
-74.19354838709677 -40.32258064516128 0.0214945809331044 
-74.19354838709677 -24.19354838709677 0.019625643974330233 
-74.19354838709677 -8.064516129032256 0.017879889903136034 
-74.19354838709677 8.064516129032256 0.016245860226233994 
-74.19354838709677 24.19354838709677 0.014720928837974953 
-74.19354838709677 40.32258064516128 0.013316945228265282 
-74.19354838709677 56.451612903225794 0.012032781248403424 
-74.19354838709677 72.5806451612903 0.010874329003864742 
-74.19354838709677 88.70967741935482 0.009841210737116291 
-74.19354838709677 104.83870967741933 0.008927825161321998 
-74.19354838709677 120.96774193548384 0.008131686703400323 
-74.19354838709677 137.0967741935484 0.007458547878222034 
-74.19354838709677 153.22580645161293 0.006918003843702386 
-74.19354838709677 169.35483870967744 0.006516762079466143 
-74.19354838709677 185.48387096774195 0.006254423093826213 
-74.19354838709677 201.61290322580646 0.0061363484068751705 
-74.19354838709677 217.74193548387098 0.006176541175481432 
-74.19354838709677 233.8709677419355 0.006368663868411725 
-74.19354838709677 250.0 0.0067166987520584105 
-67.74193548387098 -250.0 0.04972229882487349 
-67.74193548387098 -233.8709677419355 0.046724947052783426 
-67.74193548387098 -217.74193548387098 0.043806326098424095 
-67.74193548387098 -201.61290322580646 0.0409692830335158 
-67.74193548387098 -185.48387096774195 0.03821666492977909 
-67.74193548387098 -169.35483870967744 0.03555131885893415 
-67.74193548387098 -153.2258064516129 0.03297609189270154 
-67.74193548387098 -137.09677419354838 0.030491027142342114 
-67.74193548387098 -120.96774193548387 0.02810145013762624 
-67.74193548387098 -104.83870967741936 0.025819011512684783 
-67.74193548387098 -88.70967741935485 0.023631372519970214 
-67.74193548387098 -72.58064516129033 0.021548155789246334 
-67.74193548387098 -56.451612903225794 0.01957658655065364 
-67.74193548387098 -40.32258064516128 0.017711614086800265 
-67.74193548387098 -24.19354838709677 0.015958545946059492 
-67.74193548387098 -8.064516129032256 0.014325332824879076 
-67.74193548387098 8.064516129032256 0.012805406166077631 
-67.74193548387098 24.19354838709677 0.011397785802129436 
-67.74193548387098 40.32258064516128 0.010110205855957748 
-67.74193548387098 56.451612903225794 0.00894257814913253 
-67.74193548387098 72.5806451612903 0.007898925272241198 
-67.74193548387098 88.70967741935482 0.006979638349731851 
-67.74193548387098 104.83870967741933 0.006181945466478056 
-67.74193548387098 120.96774193548384 0.005504688109038706 
-67.74193548387098 137.0967741935484 0.004952068772612419 
-67.74193548387098 153.22580645161293 0.00453225944147416 
-67.74193548387098 169.35483870967744 0.004247934563079963 
-67.74193548387098 185.48387096774195 0.0040984238259692074 
-67.74193548387098 201.61290322580646 0.004088740319344092 
-67.74193548387098 217.74193548387098 0.004228285067032453 
-67.74193548387098 233.8709677419355 0.004511835625929292 
-67.74193548387098 250.0 0.004942530855930457 
-61.29032258064517 -250.0 0.044989158088538164 
-61.29032258064517 -233.8709677419355 0.04203799813706993 
-61.29032258064517 -217.74193548387098 0.039176928275211714 
-61.29032258064517 -201.61290322580646 0.036407956568520077 
-61.29032258064517 -185.48387096774195 0.033733091082551556 
-61.29032258064517 -169.35483870967744 0.031154339882862685 
-61.29032258064517 -153.2258064516129 0.028673711035010027 
-61.29032258064517 -137.09677419354838 0.026291742261056805 
-61.29032258064517 -120.96774193548387 0.024011685695018263 
-61.29032258064517 -104.83870967741936 0.021840270218615183 
-61.29032258064517 -88.70967741935485 0.01977169049688818 
-61.29032258064517 -72.58064516129033 0.017811188107237218 
-61.29032258064517 -56.451612903225794 0.01596292773032127 
-61.29032258064517 -40.32258064516128 0.014225107204351429 
-61.29032258064517 -24.19354838709677 0.012601168412096736 
-61.29032258064517 -8.064516129032256 0.01109545797128877 
-61.29032258064517 8.064516129032256 0.009704969660745277 
-61.29032258064517 24.19354838709677 0.0084298839624264 
-61.29032258064517 40.32258064516128 0.007274989620004873 
-61.29032258064517 56.451612903225794 0.00624088197257231 
-61.29032258064517 72.5806451612903 0.005330081869301684 
-61.29032258064517 88.70967741935482 0.0045435214545604605 
-61.29032258064517 104.83870967741933 0.003880494000497091 
-61.29032258064517 120.96774193548384 0.003340744111391822 
-61.29032258064517 137.0967741935484 0.0029272663356203605 
-61.29032258064517 153.22580645161293 0.0026472927868790106 
-61.29032258064517 169.35483870967744 0.002501048086688951 
-61.29032258064517 185.48387096774195 0.0024876731180357966 
-61.29032258064517 201.61290322580646 0.0026118428508861207 
-61.29032258064517 217.74193548387098 0.0028800642454914383 
-61.29032258064517 233.8709677419355 0.0032881017447741927 
-61.29032258064517 250.0 0.0038384850176025028 
-54.83870967741936 -250.0 0.040381265360268315 
-54.83870967741936 -233.8709677419355 0.03750659845551272 
-54.83870967741936 -217.74193548387098 0.03473040509053911 
-54.83870967741936 -201.61290322580646 0.03205411614239496 
-54.83870967741936 -185.48387096774195 0.02947916248812769 
-54.83870967741936 -169.35483870967744 0.027006975004784797 
-54.83870967741936 -153.2258064516129 0.024638984569413706 
-54.83870967741936 -137.09677419354838 0.022376004020426225 
-54.83870967741936 -120.96774193548387 0.020219925726653626 
-54.83870967741936 -104.83870967741936 0.01817428027018825 
-54.83870967741936 -88.70967741935485 0.016237380436147614 
-54.83870967741936 -72.58064516129033 0.014411669526211115 
-54.83870967741936 -56.451612903225794 0.012699309896234084 
-54.83870967741936 -40.32258064516128 0.01110047273186149 
-54.83870967741936 -24.19354838709677 0.009617409754177849 
-54.83870967741936 -8.064516129032256 0.008252308046250389 
-54.83870967741936 8.064516129032256 0.007004596409554639 
-54.83870967741936 24.19354838709677 0.005875202984587178 
-54.83870967741936 40.32258064516128 0.004866947196941944 
-54.83870967741936 56.451612903225794 0.003980812467755306 
-54.83870967741936 72.5806451612903 0.0032181485692470415 
-54.83870967741936 88.70967741935482 0.0025802272847126493 
-54.83870967741936 104.83870967741933 0.0020677489100041496 
-54.83870967741936 120.96774193548384 0.0016810178025227468 
-54.83870967741936 137.0967741935484 0.0014221359086168833 
-54.83870967741936 153.22580645161293 0.0012977723750597283 
-54.83870967741936 169.35483870967744 0.0013069776277231816 
-54.83870967741936 185.48387096774195 0.001448769509222003 
-54.83870967741936 201.61290322580646 0.001727490731212853 
-54.83870967741936 217.74193548387098 0.0021481260316193753 
-54.83870967741936 233.8709677419355 0.0027072825311722903 
-54.83870967741936 250.0 0.003407068895706884 
-48.38709677419355 -250.0 0.035989964268779095 
-48.38709677419355 -233.8709677419355 0.03321903129516464 
-48.38709677419355 -217.74193548387098 0.030552284663385564 
-48.38709677419355 -201.61290322580646 0.027990811330201957 
-48.38709677419355 -185.48387096774195 0.025535698252373944 
-48.38709677419355 -169.35483870967744 0.023188032386661676 
-48.38709677419355 -153.2258064516129 0.02094890068982523 
-48.38709677419355 -137.09677419354838 0.018819279730382606 
-48.38709677419355 -120.96774193548387 0.01680025867008379 
-48.38709677419355 -104.83870967741936 0.014893450148304378 
-48.38709677419355 -88.70967741935485 0.01309960224821411 
-48.38709677419355 -72.58064516129033 0.011419540342354826 
-48.38709677419355 -56.451612903225794 0.009854218772811073 
-48.38709677419355 -40.32258064516128 0.008404921810738649 
-48.38709677419355 -24.19354838709677 0.007073269680648017 
-48.38709677419355 -8.064516129032256 0.005860257054356453 
-48.38709677419355 8.064516129032256 0.004766913533032233 
-48.38709677419355 24.19354838709677 0.0037946285940804163 
-48.38709677419355 40.32258064516128 0.002944914365784174 
-48.38709677419355 56.451612903225794 0.0022188665909701967 
-48.38709677419355 72.5806451612903 0.0016169897620162106 
-48.38709677419355 88.70967741935482 0.0011407337291282093 
-48.38709677419355 104.83870967741933 0.0007916642415548403 
-48.38709677419355 120.96774193548384 0.0005703980804183907 
-48.38709677419355 137.0967741935484 0.0004784722373291902 
-48.38709677419355 153.22580645161293 0.0005223982780016086 
-48.38709677419355 169.35483870967744 0.0007010137771589592 
-48.38709677419355 185.48387096774195 0.001013392900047678 
-48.38709677419355 201.61290322580646 0.0014637280497439428 
-48.38709677419355 217.74193548387098 0.002056530375475357 
-48.38709677419355 233.8709677419355 0.0027891334381031185 
-48.38709677419355 250.0 0.003663520996641158 
-41.935483870967744 -250.0 0.03191866081684117 
-41.935483870967744 -233.8709677419355 0.02927246680659731 
-41.935483870967744 -217.74193548387098 0.02673431189770069 
-41.935483870967744 -201.61290322580646 0.02430509173878447 
-41.935483870967744 -185.48387096774195 0.021985701978481813 
-41.935483870967744 -169.35483870967744 0.019777038265425942 
-41.935483870967744 -153.2258064516129 0.01767999624824999 
-41.935483870967744 -137.09677419354838 0.01569556719323713 
-41.935483870967744 -120.96774193548387 0.013824475281561811 
-41.935483870967744 -104.83870967741936 0.012067479233365163 
-41.935483870967744 -88.70967741935485 0.010426230431984523 
-41.935483870967744 -72.58064516129033 0.00890092888968371 
-41.935483870967744 -56.451612903225794 0.00749198563507121 
-41.935483870967744 -40.32258064516128 0.00620097355165609 
-41.935483870967744 -24.19354838709677 0.005029266126715764 
-41.935483870967744 -8.064516129032256 0.003977597485898035 
-41.935483870967744 8.064516129032256 0.0030478143283311286 
-41.935483870967744 24.19354838709677 0.0022414656659393056 
-41.935483870967744 40.32258064516128 0.001559418234711473 
-41.935483870967744 56.451612903225794 0.0010027321041430998 
-41.935483870967744 72.5806451612903 0.0005713031102336433 
-41.935483870967744 88.70967741935482 0.00026660253006197723 
-41.935483870967744 104.83870967741933 9.060885836259014e-05 
-41.935483870967744 120.96774193548384 4.405954737496182e-05 
-41.935483870967744 137.0967741935484 0.00012816455406152913 
-41.935483870967744 153.22580645161293 0.0003493587836737311 
-41.935483870967744 169.35483870967744 0.0007069311804116134 
-41.935483870967744 185.48387096774195 0.0011999654544061211 
-41.935483870967744 201.61290322580646 0.0018323894216399172 
-41.935483870967744 217.74193548387098 0.0026089315700970834 
-41.935483870967744 233.8709677419355 0.003527448398327841 
-41.935483870967744 250.0 0.004589799975238517 
-35.483870967741936 -250.0 0.028272339087242294 
-35.483870967741936 -233.8709677419355 0.025765231020318895 
-35.483870967741936 -217.74193548387098 0.023369032345895525 
-35.483870967741936 -201.61290322580646 0.02108451235608462 
-35.483870967741936 -185.48387096774195 0.018912440342998625 
-35.483870967741936 -169.35483870967744 0.016853585598750033 
-35.483870967741936 -153.2258064516129 0.014908717415451267 
-35.483870967741936 -137.09677419354838 0.013078635315016187 
-35.483870967741936 -120.96774193548387 0.011364023780399522 
-35.483870967741936 -104.83870967741936 0.009765666266308558 
-35.483870967741936 -88.70967741935485 0.008284657098084363 
-35.483870967741936 -72.58064516129033 0.006921405204890774 
-35.483870967741936 -56.451612903225794 0.005676331606834841 
-35.483870967741936 -40.32258064516128 0.0045504574187469485 
-35.483870967741936 -24.19354838709677 0.0035451131800360745 
-35.483870967741936 -8.064516129032256 0.0026617288299360733 
-35.483870967741936 8.064516129032256 0.0019022023001392557 
-35.483870967741936 24.19354838709677 0.001267905908418635 
-35.483870967741936 40.32258064516128 0.0007597652569707183 
-35.483870967741936 56.451612903225794 0.0003787988900807239 
-35.483870967741936 72.5806451612903 0.00012443028158760558 
-35.483870967741936 88.70967741935482 -2.0040232629681202e-06 
-35.483870967741936 104.83870967741933 1.5202263578890577e-06 
-35.483870967741936 120.96774193548384 0.0001357198615573497 
-35.483870967741936 137.0967741935484 0.00040161232328642636 
-35.483870967741936 153.22580645161293 0.0008052671732910904 
-35.483870967741936 169.35483870967744 0.0013467964371385154 
-35.483870967741936 185.48387096774195 0.0020249767922257233 
-35.483870967741936 201.61290322580646 0.0028429999176296707 
-35.483870967741936 217.74193548387098 0.003806143061872789 
-35.483870967741936 233.8709677419355 0.004912481138993209 
-35.483870967741936 250.0 0.006163405236707093 
-29.032258064516128 -250.0 0.025127237308899666 
-29.032258064516128 -233.8709677419355 0.02277447194725267 
-29.032258064516128 -217.74193548387098 0.020534176845635656 
-29.032258064516128 -201.61290322580646 0.018407096413602737 
-29.032258064516128 -185.48387096774195 0.016393975060708006 
-29.032258064516128 -169.35483870967744 0.014495557196505589 
-29.032258064516128 -153.2258064516129 0.012712587230549579 
-29.032258064516128 -137.09677419354838 0.011045756463696208 
-29.032258064516128 -120.96774193548387 0.009495829682619814 
-29.032258064516128 -104.83870967741936 0.00806376791066231 
-29.032258064516128 -88.70967741935485 0.006750105943161588 
-29.032258064516128 -72.58064516129033 0.005555626016927705 
-29.032258064516128 -56.451612903225794 0.004480880969850364 
-29.032258064516128 -40.32258064516128 0.0035263875140421363 
-29.032258064516128 -24.19354838709677 0.0026935920405630415 
-29.032258064516128 -8.064516129032256 0.0019845473624598717 
-29.032258064516128 8.064516129032256 0.0014010327199712742 
-29.032258064516128 24.19354838709677 0.0009442118537978898 
-29.032258064516128 40.32258064516128 0.0006150676738140256 
-29.032258064516128 56.451612903225794 0.0004144558909437712 
-29.032258064516128 72.5806451612903 0.00034156449732838224 
-29.032258064516128 88.70967741935482 0.00039752273987729385 
-29.032258064516128 104.83870967741933 0.000584185420586148 
-29.032258064516128 120.96774193548384 0.0009022543268747847 
-29.032258064516128 137.0967741935484 0.0013528286610546625 
-29.032258064516128 153.22580645161293 0.001941795422337261 
-29.032258064516128 169.35483870967744 0.0026701279267262873 
-29.032258064516128 185.48387096774195 0.003536519040916922 
-29.032258064516128 201.61290322580646 0.004543721034949337 
-29.032258064516128 217.74193548387098 0.005697613938161557 
-29.032258064516128 233.8709677419355 0.006996360102232032 
-29.032258064516128 250.0 0.008441149675541524 
-22.580645161290334 -250.0 0.0225738293176183 
-22.580645161290334 -233.8709677419355 0.02038798491287662 
-22.580645161290334 -217.74193548387098 0.018315111838118986 
-22.580645161290334 -201.61290322580646 0.016356010543901192 
-22.580645161290334 -185.48387096774195 0.014511481480778979 
-22.580645161290334 -169.35483870967744 0.01278232509930812 
-22.580645161290334 -153.2258064516129 0.011169341850044373 
-22.580645161290334 -137.09677419354838 0.009673332675557077 
-22.580645161290334 -120.96774193548387 0.008295095585335269 
-22.580645161290334 -104.83870967741936 0.007035433221651256 
-22.580645161290334 -88.70967741935485 0.005895162662457114 
-22.580645161290334 -72.58064516129033 0.004875154186983931 
-22.580645161290334 -56.451612903225794 0.003975926091710987 
-22.580645161290334 -40.32258064516128 0.0031980276671394227 
-22.580645161290334 -24.19354838709677 0.002543058147576253 
-22.580645161290334 -8.064516129032256 0.0020130678616527733 
-22.580645161290334 8.064516129032256 0.0016098795092984355 
-22.580645161290334 24.19354838709677 0.0013345611722609676 
-22.580645161290334 40.32258064516128 0.001187783181487042 
-22.580645161290334 56.451612903225794 0.001170123633557886 
-22.580645161290334 72.5806451612903 0.001280775982747701 
-22.580645161290334 88.70967741935482 0.0015206293977122723 
-22.580645161290334 104.83870967741933 0.0018912616722263002 
-22.580645161290334 120.96774193548384 0.002393460086201932 
-22.580645161290334 137.0967741935484 0.0030287069142063976 
-22.580645161290334 153.22580645161293 0.003802919863750055 
-22.580645161290334 169.35483870967744 0.004717602630042358 
-22.580645161290334 185.48387096774195 0.005771707771546834 
-22.580645161290334 201.61290322580646 0.006968038093623977 
-22.580645161290334 217.74193548387098 0.008312748331384468 
-22.580645161290334 233.8709677419355 0.00980396370423567 
-22.580645161290334 250.0 0.01144305428298539 
-16.129032258064527 -250.0 0.020735411566284615 
-16.129032258064527 -233.8709677419355 0.018717828766648438 
-16.129032258064527 -217.74193548387098 0.01681427330250416 
-16.129032258064527 -201.61290322580646 0.015025522519980851 
-16.129032258064527 -185.48387096774195 0.013352353765207584 
-16.129032258064527 -169.35483870967744 0.01179554438431346 
-16.129032258064527 -153.2258064516129 0.010355871723427537 
-16.129032258064527 -137.09677419354838 0.0090342103645479 
-16.129032258064527 -120.96774193548387 0.007831278935238405 
-16.129032258064527 -104.83870967741936 0.006747498318784921 
-16.129032258064527 -88.70967741935485 0.00578410862069192 
-16.129032258064527 -72.58064516129033 0.004941900355547385 
-16.129032258064527 -56.451612903225794 0.004221260384154635 
-16.129032258064527 -40.32258064516128 0.0036227907555749068 
-16.129032258064527 -24.19354838709677 0.003147998591667258 
-16.129032258064527 -8.064516129032256 0.0027989340695800907 
-16.129032258064527 8.064516129032256 0.002577309016021073 
-16.129032258064527 24.19354838709677 0.002483970985106522 
-16.129032258064527 40.32258064516128 0.0025193768072779943 
-16.129032258064527 56.451612903225794 0.002684009970583172 
-16.129032258064527 72.5806451612903 0.0029770865192318757 
-16.129032258064527 88.70967741935482 0.0033991662910823964 
-16.129032258064527 104.83870967741933 0.003951468848160269 
-16.129032258064527 120.96774193548384 0.004634950232540972 
-16.129032258064527 137.0967741935484 0.005451530446807252 
-16.129032258064527 153.22580645161293 0.0064064287397970245 
-16.129032258064527 169.35483870967744 0.007500997202827573 
-16.129032258064527 185.48387096774195 0.008733977891949508 
-16.129032258064527 201.61290322580646 0.010107613048836889 
-16.129032258064527 217.74193548387098 0.011627495262537866 
-16.129032258064527 233.8709677419355 0.013291264926239853 
-16.129032258064527 250.0 0.015099856799433304 
-9.677419354838719 -250.0 0.019684609874044027 
-9.677419354838719 -233.8709677419355 0.017833889140910393 
-9.677419354838719 -217.74193548387098 0.01609890330574854 
-9.677419354838719 -201.61290322580646 0.014480251928272113 
-9.677419354838719 -185.48387096774195 0.012978534568194752 
-9.677419354838719 -169.35483870967744 0.011594350785230115 
-9.677419354838719 -153.2258064516129 0.010328300139091836 
-9.677419354838719 -137.09677419354838 0.00918115527709187 
-9.677419354838719 -120.96774193548387 0.008153443183449478 
-9.677419354838719 -104.83870967741936 0.007245068901755638 
-9.677419354838719 -88.70967741935485 0.006457365288844111 
-9.677419354838719 -72.58064516129033 0.005791096672732102 
-9.677419354838719 -56.451612903225794 0.005246388980644952 
-9.677419354838719 -40.32258064516128 0.004823493991460451 
-9.677419354838719 -24.19354838709677 0.004523827227950469 
-9.677419354838719 -8.064516129032256 0.004349577053840985 
-9.677419354838719 8.064516129032256 0.004302211715986252 
-9.677419354838719 24.19354838709677 0.004382343028164828 
-9.677419354838719 40.32258064516128 0.004590466238265353 
-9.677419354838719 56.451612903225794 0.004927166549683083 
-9.677419354838719 72.5806451612903 0.005391739686289069 
-9.677419354838719 88.70967741935482 0.0059844972588521134 
-9.677419354838719 104.83870967741933 0.006706708873226497 
-9.677419354838719 120.96774193548384 0.007559861705648646 
-9.677419354838719 137.0967741935484 0.008546316427280676 
-9.677419354838719 153.22580645161293 0.009671147158630539 
-9.677419354838719 169.35483870967744 0.010936146682043502 
-9.677419354838719 185.48387096774195 0.01234055378378132 
-9.677419354838719 201.61290322580646 0.013886857948688356 
-9.677419354838719 217.74193548387098 0.01558083264244147 
-9.677419354838719 233.8709677419355 0.01742029265273674 
-9.677419354838719 250.0 0.019406582103591318 
-3.225806451612911 -250.0 0.01944242592719372 
-3.225806451612911 -233.8709677419355 0.017761098801615686 
-3.225806451612911 -217.74193548387098 0.016196294744960846 
-3.225806451612911 -201.61290322580646 0.01474838238497669 
-3.225806451612911 -185.48387096774195 0.013417730349410734 
-3.225806451612911 -169.35483870967744 0.0122047072660105 
-3.225806451612911 -153.2258064516129 0.011109681762523497 
-3.225806451612911 -137.09677419354838 0.010133231721049778 
-3.225806451612911 -120.96774193548387 0.009275674083460587 
-3.225806451612911 -104.83870967741936 0.008536470119121974 
-3.225806451612911 -88.70967741935485 0.007916781020295227 
-3.225806451612911 -72.58064516129033 0.0074174124158671645 
-3.225806451612911 -56.451612903225794 0.007038147811141914 
-3.225806451612911 -40.32258064516128 0.006778699593362876 
-3.225806451612911 -24.19354838709677 0.0066406456597722634 
-3.225806451612911 -8.064516129032256 0.00662612785577567 
-3.225806451612911 8.064516129032256 0.006736475982063119 
-3.225806451612911 24.19354838709677 0.0069722368645288735 
-3.225806451612911 40.32258064516128 0.0073339101541560325 
-3.225806451612911 56.451612903225794 0.007822093543260113 
-3.225806451612911 72.5806451612903 0.008436141590877206 
-3.225806451612911 88.70967741935482 0.009176119634442181 
-3.225806451612911 104.83870967741933 0.010043805187647114 
-3.225806451612911 120.96774193548384 0.011041272524572278 
-3.225806451612911 137.0967741935484 0.012170730666738287 
-3.225806451612911 153.22580645161293 0.01343865122058199 
-3.225806451612911 169.35483870967744 0.014847853197156544 
-3.225806451612911 185.48387096774195 0.01639879554447162 
-3.225806451612911 201.61290322580646 0.01809524445876603 
-3.225806451612911 217.74193548387098 0.019943754796938933 
-3.225806451612911 233.8709677419355 0.021943049717472747 
-3.225806451612911 250.0 0.02409577419428007 
3.225806451612897 -250.0 0.020002287959193735 
3.225806451612897 -233.8709677419355 0.018492356759799967 
3.225806451612897 -217.74193548387098 0.017096422677571835 
3.225806451612897 -201.61290322580646 0.015814936396282887 
3.225806451612897 -185.48387096774195 0.014648348599706635 
3.225806451612897 -169.35483870967744 0.013597109971616634 
3.225806451612897 -153.2258064516129 0.012661671195786392 
3.225806451612897 -137.09677419354838 0.011842648443527181 
3.225806451612897 -120.96774193548387 0.011140362446923315 
3.225806451612897 -104.83870967741936 0.01055471362729678 
3.225806451612897 -88.70967741935485 0.010087011630217595 
3.225806451612897 -72.58064516129033 0.009737465583942694 
3.225806451612897 -56.451612903225794 0.009506092963775959 
3.225806451612897 -40.32258064516128 0.009393445033010175 
3.225806451612897 -24.19354838709677 0.009400392859216648 
3.225806451612897 -8.064516129032256 0.009528739614328336 
3.225806451612897 8.064516129032256 0.009779580187328944 
3.225806451612897 24.19354838709677 0.010152950820937564 
3.225806451612897 40.32258064516128 0.01064874018509676 
3.225806451612897 56.451612903225794 0.011267049022247755 
3.225806451612897 72.5806451612903 0.012006090351549759 
3.225806451612897 88.70967741935482 0.012864241026353286 
3.225806451612897 104.83870967741933 0.013841693036917464 
3.225806451612897 120.96774193548384 0.014938252468056551 
3.225806451612897 137.0967741935484 0.016152600755120997 
3.225806451612897 153.22580645161293 0.017488201948759538 
3.225806451612897 169.35483870967744 0.01894146579812542 
3.225806451612897 185.48387096774195 0.020505884292223983 
3.225806451612897 201.61290322580646 0.02217724862887892 
3.225806451612897 217.74193548387098 0.023952796398354737 
3.225806451612897 233.8709677419355 0.025826032050484296 
3.225806451612897 250.0 0.027790915416846213 
9.677419354838705 -250.0 0.02138902719742518 
9.677419354838705 -233.8709677419355 0.02002296725026976 
9.677419354838705 -217.74193548387098 0.018769485633784663 
9.677419354838705 -201.61290322580646 0.0176284456621807 
9.677419354838705 -185.48387096774195 0.016599710649668656 
9.677419354838705 -169.35483870967744 0.015683143910459378 
9.677419354838705 -153.2258064516129 0.014878608758763644 
9.677419354838705 -137.09677419354838 0.014186117828731672 
9.677419354838705 -120.96774193548387 0.013605300911519683 
9.677419354838705 -104.83870967741936 0.013135743214571617 
9.677419354838705 -88.70967741935485 0.012778384445827469 
9.677419354838705 -72.58064516129033 0.012532087304068388 
9.677419354838705 -56.451612903225794 0.012396417305869474 
9.677419354838705 -40.32258064516128 0.012372175663484317 
9.677419354838705 -24.19354838709677 0.012458745017355851 
9.677419354838705 -8.064516129032256 0.012657044792119746 
9.677419354838705 8.064516129032256 0.012967279933337685 
9.677419354838705 24.19354838709677 0.013388202289751806 
9.677419354838705 40.32258064516128 0.013918334136655008 
9.677419354838705 56.451612903225794 0.014556671515517719 
9.677419354838705 72.5806451612903 0.015299996172116314 
9.677419354838705 88.70967741935482 0.016144967413679937 
9.677419354838705 104.83870967741933 0.017089101497887588 
9.677419354838705 120.96774193548384 0.018129249070412534 
9.677419354838705 137.0967741935484 0.019261173054245597 
9.677419354838705 153.22580645161293 0.020482619909193405 
9.677419354838705 169.35483870967744 0.02178267046485552 
9.677419354838705 185.48387096774195 0.02314620925108886 
9.677419354838705 201.61290322580646 0.024559061633634787 
9.677419354838705 217.74193548387098 0.026008516991504284 
9.677419354838705 233.8709677419355 0.027481183922938083 
9.677419354838705 250.0 0.028960608007197283 
16.129032258064512 -250.0 0.023550047524320432 
16.129032258064512 -233.8709677419355 0.022259226934915877 
16.129032258064512 -217.74193548387098 0.021085683929596463 
16.129032258064512 -201.61290322580646 0.0200268110653286 
16.129032258064512 -185.48387096774195 0.019080000899078697 
16.129032258064512 -169.35483870967744 0.018242645987813198 
16.129032258064512 -153.2258064516129 0.017512138888498514 
16.129032258064512 -137.09677419354838 0.01688619678275887 
16.129032258064512 -120.96774193548387 0.016362049083106716 
16.129032258064512 -104.83870967741936 0.01593583656969018 
16.129032258064512 -88.70967741935485 0.015606394092410906 
16.129032258064512 -72.58064516129033 0.015371211767257963 
16.129032258064512 -56.451612903225794 0.015226914110742343 
16.129032258064512 -40.32258064516128 0.015170573085279577 
16.129032258064512 -24.19354838709677 0.015200638174645738 
16.129032258064512 -8.064516129032256 0.015316576015179982 
16.129032258064512 8.064516129032256 0.015516925741370655 
16.129032258064512 24.19354838709677 0.015798823925790823 
16.129032258064512 40.32258064516128 0.016159230720542695 
16.129032258064512 56.451612903225794 0.016596041811880125 
16.129032258064512 72.5806451612903 0.01710660750342423 
16.129032258064512 88.70967741935482 0.017688949381194356 
16.129032258064512 104.83870967741933 0.018340839941037967 
16.129032258064512 120.96774193548384 0.019061082089486762 
16.129032258064512 137.0967741935484 0.019850285895902722 
16.129032258064512 153.22580645161293 0.020706134996931677 
16.129032258064512 169.35483870967744 0.021625654903793434 
16.129032258064512 185.48387096774195 0.02260039995711596 
16.129032258064512 201.61290322580646 0.023623333976662435 
16.129032258064512 217.74193548387098 0.024693449328288805 
16.129032258064512 233.8709677419355 0.025801386065988908 
16.129032258064512 250.0 0.02693946420814531 
22.58064516129032 -250.0 0.02590939477887516 
22.58064516129032 -233.8709677419355 0.024659220051319354 
22.58064516129032 -217.74193548387098 0.023513334868114057 
22.58064516129032 -201.61290322580646 0.022468886113585648 
22.58064516129032 -185.48387096774195 0.021523020672060526 
22.58064516129032 -169.35483870967744 0.02067288542786513 
22.58064516129032 -153.2258064516129 0.019915627265325846 
22.58064516129032 -137.09677419354838 0.019248806855141423 
22.58064516129032 -120.96774193548387 0.018669356016044695 
22.58064516129032 -104.83870967741936 0.01817283940990641 
22.58064516129032 -88.70967741935485 0.01775825808014782 
22.58064516129032 -72.58064516129033 0.017422809268138554 
22.58064516129032 -56.451612903225794 0.017162753968619996 
22.58064516129032 -40.32258064516128 0.016974977753403737 
22.58064516129032 -24.19354838709677 0.016857670476573217 
22.58064516129032 -8.064516129032256 0.01681016679179928 
22.58064516129032 8.064516129032256 0.016831593073813045 
22.58064516129032 24.19354838709677 0.01691895838433919 
22.58064516129032 40.32258064516128 0.01706888505497782 
22.58064516129032 56.451612903225794 0.017280374969623574 
22.58064516129032 72.5806451612903 0.017551301341902817 
22.58064516129032 88.70967741935482 0.017880561988436464 
22.58064516129032 104.83870967741933 0.01826803364822379 
22.58064516129032 120.96774193548384 0.018714811077128735 
22.58064516129032 137.0967741935484 0.019222735216214076 
22.58064516129032 153.22580645161293 0.019791994886409606 
22.58064516129032 169.35483870967744 0.02042873892622111 
22.58064516129032 185.48387096774195 0.02113120211642971 
22.58064516129032 201.61290322580646 0.02189907034550684 
22.58064516129032 217.74193548387098 0.022742736730071395 
22.58064516129032 233.8709677419355 0.023659006809625314 
22.58064516129032 250.0 0.024648538642204357 
29.032258064516128 -250.0 0.02808510919138516 
29.032258064516128 -233.8709677419355 0.026852456755512732 
29.032258064516128 -217.74193548387098 0.025696480703424344 
29.032258064516128 -201.61290322580646 0.024616877229692316 
29.032258064516128 -185.48387096774195 0.023613342528888914 
29.032258064516128 -169.35483870967744 0.02268557279558651 
29.032258064516128 -153.2258064516129 0.02183326422435737 
29.032258064516128 -137.09677419354838 0.021056369066255614 
29.032258064516128 -120.96774193548387 0.020354227961889078 
29.032258064516128 -104.83870967741936 0.019725975918501813 
29.032258064516128 -88.70967741935485 0.01917302567921366 
29.032258064516128 -72.58064516129033 0.018693535314562946 
29.032258064516128 -56.451612903225794 0.01828707151023543 
29.032258064516128 -40.32258064516128 0.017954926766970022 
29.032258064516128 -24.19354838709677 0.017695073355075325 
29.032258064516128 -8.064516129032256 0.017508329882927134 
29.032258064516128 8.064516129032256 0.017396905324424155 
29.032258064516128 24.19354838709677 0.017359104434907468 
29.032258064516128 40.32258064516128 0.01739200771550819 
29.032258064516128 56.451612903225794 0.017497202690348358 
29.032258064516128 72.5806451612903 0.017672742096094488 
29.032258064516128 88.70967741935482 0.017916016254084313 
29.032258064516128 104.83870967741933 0.018227993411279144 
29.032258064516128 120.96774193548384 0.018609781848339967 
29.032258064516128 137.0967741935484 0.0190584481428197 
29.032258064516128 153.22580645161293 0.019574856657385245 
29.032258064516128 169.35483870967744 0.020165745762600423 
29.032258064516128 185.48387096774195 0.020827674686845894 
29.032258064516128 201.61290322580646 0.02155649934750245 
29.032258064516128 217.74193548387098 0.02235946620235313 
29.032258064516128 233.8709677419355 0.023235777439228087 
29.032258064516128 250.0 0.02418257399304099 
35.48387096774192 -250.0 0.03022936599502058 
35.48387096774192 -233.8709677419355 0.028960185288679212 
35.48387096774192 -217.74193548387098 0.02776555231461054 
35.48387096774192 -201.61290322580646 0.026645436797121936 
35.48387096774192 -185.48387096774195 0.025599808460520776 
35.48387096774192 -169.35483870967744 0.024628637029114518 
35.48387096774192 -153.2258064516129 0.023731892227210526 
35.48387096774192 -137.09677419354838 0.022909578714182255 
35.48387096774192 -120.96774193548387 0.022161565364747584 
35.48387096774192 -104.83870967741936 0.02148784373465077 
35.48387096774192 -88.70967741935485 0.020888730844644963 
35.48387096774192 -72.58064516129033 0.02036341679514554 
35.48387096774192 -56.451612903225794 0.019912625554345354 
35.48387096774192 -40.32258064516128 0.019537194886132182 
35.48387096774192 -24.19354838709677 0.019234247745093188 
35.48387096774192 -8.064516129032256 0.019005429082796836 
35.48387096774192 8.064516129032256 0.018854443053707093 
35.48387096774192 24.19354838709677 0.01877991035569972 
35.48387096774192 40.32258064516128 0.018777888075247686 
35.48387096774192 56.451612903225794 0.0188497391443168 
35.48387096774192 72.5806451612903 0.018996076164692916 
35.48387096774192 88.70967741935482 0.019213052072313767 
35.48387096774192 104.83870967741933 0.019499465452602074 
35.48387096774192 120.96774193548384 0.01985721113678217 
35.48387096774192 137.0967741935484 0.02028583275274571 
35.48387096774192 153.22580645161293 0.020784274079319705 
35.48387096774192 169.35483870967744 0.021357975361535 
35.48387096774192 185.48387096774195 0.022004474477174518 
35.48387096774192 201.61290322580646 0.022717318797009525 
35.48387096774192 217.74193548387098 0.023497792636619746 
35.48387096774192 233.8709677419355 0.024348713379650073 
35.48387096774192 250.0 0.025264937334933547 
41.935483870967744 -250.0 0.033031056590722294 
41.935483870967744 -233.8709677419355 0.03173773294799345 
41.935483870967744 -217.74193548387098 0.03052776672570192 
41.935483870967744 -201.61290322580646 0.029400130332159307 
41.935483870967744 -185.48387096774195 0.02835379617567728 
41.935483870967744 -169.35483870967744 0.02738773666456754 
41.935483870967744 -153.2258064516129 0.026500924207141716 
41.935483870967744 -137.09677419354838 0.025692415589632804 
41.935483870967744 -120.96774193548387 0.024961167390830073 
41.935483870967744 -104.83870967741936 0.024305776793997712 
41.935483870967744 -88.70967741935485 0.023725505066104408 
41.935483870967744 -72.58064516129033 0.023219363583173242 
41.935483870967744 -56.451612903225794 0.02278665880782305 
41.935483870967744 -40.32258064516128 0.022426278039635924 
41.935483870967744 -24.19354838709677 0.022135968977737567 
41.935483870967744 -8.064516129032256 0.02191666586498691 
41.935483870967744 8.064516129032256 0.021770888925420773 
41.935483870967744 24.19354838709677 0.021698013453733664 
41.935483870967744 40.32258064516128 0.02169468968814835 
41.935483870967744 56.451612903225794 0.02176014128391433 
41.935483870967744 72.5806451612903 0.02189693700082931 
41.935483870967744 88.70967741935482 0.02210182671664224 
41.935483870967744 104.83870967741933 0.02237173103629825 
41.935483870967744 120.96774193548384 0.022708332977144217 
41.935483870967744 137.0967741935484 0.023114767535704083 
41.935483870967744 153.22580645161293 0.02359013343177942 
41.935483870967744 169.35483870967744 0.024137230165176778 
41.935483870967744 185.48387096774195 0.02475600862261349 
41.935483870967744 201.61290322580646 0.02544216154364488 
41.935483870967744 217.74193548387098 0.026193563169677178 
41.935483870967744 233.8709677419355 0.027015885092834205 
41.935483870967744 250.0 0.02790519226161199 
48.38709677419354 -250.0 0.037134522901302314 
48.38709677419354 -233.8709677419355 0.03588143228363027 
48.38709677419354 -217.74193548387098 0.034709694547331325 
48.38709677419354 -201.61290322580646 0.03361815979162983 
48.38709677419354 -185.48387096774195 0.03260567811575012 
48.38709677419354 -169.35483870967744 0.03167109961891661 
48.38709677419354 -153.2258064516129 0.030813274400353616 
48.38709677419354 -137.09677419354838 0.03003156290352901 
48.38709677419354 -120.96774193548387 0.029324333508582268 
48.38709677419354 -104.83870967741936 0.02868889141493212 
48.38709677419354 -88.70967741935485 0.028126955486458195 
48.38709677419354 -72.58064516129033 0.02763618199144576 
48.38709677419354 -56.451612903225794 0.027213825875080772 
48.38709677419354 -40.32258064516128 0.026859805923100083 
48.38709677419354 -24.19354838709677 0.02657472327446123 
48.38709677419354 -8.064516129032256 0.02635789351883057 
48.38709677419354 8.064516129032256 0.026209217368047256 
48.38709677419354 24.19354838709677 0.026130194169193807 
48.38709677419354 40.32258064516128 0.02612132330973161 
48.38709677419354 56.451612903225794 0.026180301184179352 
48.38709677419354 72.5806451612903 0.02630834930017813 
48.38709677419354 88.70967741935482 0.026504400425471638 
48.38709677419354 104.83870967741933 0.026766595840663685 
48.38709677419354 120.96774193548384 0.027094356286073273 
48.38709677419354 137.0967741935484 0.02748877801041892 
48.38709677419354 153.22580645161293 0.02795266259521051 
48.38709677419354 169.35483870967744 0.028484896054699144 
48.38709677419354 185.48387096774195 0.029085977654380042 
48.38709677419354 201.61290322580646 0.029755965948824875 
48.38709677419354 217.74193548387098 0.030492454120683927 
48.38709677419354 233.8709677419355 0.03130031157062625 
48.38709677419354 250.0 0.03217823739442402 
54.83870967741933 -250.0 0.04277305733586344 
54.83870967741933 -233.8709677419355 0.041584930460678 
54.83870967741933 -217.74193548387098 0.04046952511624743 
54.83870967741933 -201.61290322580646 0.03942621730594798 
54.83870967741933 -185.48387096774195 0.03845438303315581 
54.83870967741933 -169.35483870967744 0.037553398301247286 
54.83870967741933 -153.2258064516129 0.03672263911359853 
54.83870967741933 -137.09677419354838 0.03596242657067924 
54.83870967741933 -120.96774193548387 0.03527129141539526 
54.83870967741933 -104.83870967741936 0.0346456607485533 
54.83870967741933 -88.70967741935485 0.034090094280732446 
54.83870967741933 -72.58064516129033 0.03360199968732883 
54.83870967741933 -56.451612903225794 0.033178004812886824 
54.83870967741933 -40.32258064516128 0.03281936756831398 
54.83870967741933 -24.19354838709677 0.032528362626526176 
54.83870967741933 -8.064516129032256 0.03230393081205425 
54.83870967741933 8.064516129032256 0.03214494561163435 
54.83870967741933 24.19354838709677 0.032053839146925764 
54.83870967741933 40.32258064516128 0.032033691439331435 
54.83870967741933 56.451612903225794 0.03208296149560094 
54.83870967741933 72.5806451612903 0.03219995813707139 
54.83870967741933 88.70967741935482 0.03238497882032524 
54.83870967741933 104.83870967741933 0.03263816705510873 
54.83870967741933 120.96774193548384 0.03295828379115784 
54.83870967741933 137.0967741935484 0.033344649940122144 
54.83870967741933 153.22580645161293 0.03379986422178542 
54.83870967741933 169.35483870967744 0.034321699400681034 
54.83870967741933 185.48387096774195 0.03491154467292473 
54.83870967741933 201.61290322580646 0.035572117743266046 
54.83870967741933 217.74193548387098 0.03630169364751518 
54.83870967741933 233.8709677419355 0.037101374717513194 
54.83870967741933 250.0 0.03797281553561143 
61.29032258064515 -250.0 0.050200535672264276 
61.29032258064515 -233.8709677419355 0.04906787083175962 
61.29032258064515 -217.74193548387098 0.04799401917737204 
61.29032258064515 -201.61290322580646 0.046979624895713515 
61.29032258064515 -185.48387096774195 0.046025332173396036 
61.29032258064515 -169.35483870967744 0.04513178519703154 
61.29032258064515 -153.2258064516129 0.04429962815323194 
61.29032258064515 -137.09677419354838 0.04353053633326733 
61.29032258064515 -120.96774193548387 0.04282464059940317 
61.29032258064515 -104.83870967741936 0.042178600146805904 
61.29032258064515 -88.70967741935485 0.04159757974128925 
61.29032258064515 -72.58064516129033 0.04108210380411206 
61.29032258064515 -56.451612903225794 0.040631921980816846 
61.29032258064515 -40.32258064516128 0.04024795961428587 
61.29032258064515 -24.19354838709677 0.03992975296158567 
61.29032258064515 -8.064516129032256 0.03967931769407932 
61.29032258064515 8.064516129032256 0.039499247774617496 
61.29032258064515 24.19354838709677 0.03938938208494876 
61.29032258064515 40.32258064516128 0.03934991088154863 
61.29032258064515 56.451612903225794 0.03938426986861257 
61.29032258064515 72.5806451612903 0.03948771866238604 
61.29032258064515 88.70967741935482 0.03965865381663167 
61.29032258064515 104.83870967741933 0.03989799191636642 
61.29032258064515 120.96774193548384 0.04020879086916332 
61.29032258064515 137.0967741935484 0.040593681501952264 
61.29032258064515 153.22580645161293 0.041044038837859176 
61.29032258064515 169.35483870967744 0.04156298258334324 
61.29032258064515 185.48387096774195 0.04215464411465681 
61.29032258064515 201.61290322580646 0.04281828123544368 
61.29032258064515 217.74193548387098 0.043551253582587046 
61.29032258064515 233.8709677419355 0.04434823239607852 
61.29032258064515 250.0 0.0452124346082751 
67.74193548387095 -250.0 0.06010412349043284 
67.74193548387095 -233.8709677419355 0.05908561414389367 
67.74193548387095 -217.74193548387098 0.05806981875708707 
67.74193548387095 -201.61290322580646 0.057063421190584704 
67.74193548387095 -185.48387096774195 0.056073105304958654 
67.74193548387095 -169.35483870967744 0.055105554960780664 
67.74193548387095 -153.2258064516129 0.05416745401862257 
67.74193548387095 -137.09677419354838 0.05326630043972001 
67.74193548387095 -120.96774193548387 0.05240873594927521 
67.74193548387095 -104.83870967741936 0.05159761650567335 
67.74193548387095 -88.70967741935485 0.05084209730568273 
67.74193548387095 -72.58064516129033 0.050149702527844744 
67.74193548387095 -56.451612903225794 0.04953118398736411 
67.74193548387095 -40.32258064516128 0.048993412570321665 
67.74193548387095 -24.19354838709677 0.048529703006119584 
67.74193548387095 -8.064516129032256 0.04815012046544725 
67.74193548387095 8.064516129032256 0.047868542133929916 
67.74193548387095 24.19354838709677 0.04768039573672599 
67.74193548387095 40.32258064516128 0.04757990469332038 
67.74193548387095 56.451612903225794 0.04758396186764692 
67.74193548387095 72.5806451612903 0.04768077651076052 
67.74193548387095 88.70967741935482 0.047862329722643406 
67.74193548387095 104.83870967741933 0.04813282530662555 
67.74193548387095 120.96774193548384 0.048502522782248175 
67.74193548387095 137.0967741935484 0.048970835061681595 
67.74193548387095 153.22580645161293 0.04950841449967807 
67.74193548387095 169.35483870967744 0.05012812031811025 
67.74193548387095 185.48387096774195 0.05083140655626881 
67.74193548387095 201.61290322580646 0.0516012769216905 
67.74193548387095 217.74193548387098 0.05242913645894368 
67.74193548387095 233.8709677419355 0.05329558335385817 
67.74193548387095 250.0 0.05419728327812454 
74.19354838709677 -250.0 0.0728087550441405 
74.19354838709677 -233.8709677419355 0.07194554665559108 
74.19354838709677 -217.74193548387098 0.07098204829928477 
74.19354838709677 -201.61290322580646 0.06993646664632716 
74.19354838709677 -185.48387096774195 0.06882700836782496 
74.19354838709677 -169.35483870967744 0.06767188013488401 
74.19354838709677 -153.2258064516129 0.06648928861861055 
74.19354838709677 -137.09677419354838 0.06529744503455362 
74.19354838709677 -120.96774193548387 0.06411553014493959 
74.19354838709677 -104.83870967741936 0.0629599007372041 
74.19354838709677 -88.70967741935485 0.061845795341424745 
74.19354838709677 -72.58064516129033 0.06079358202285151 
74.19354838709677 -56.451612903225794 0.059835478584959134 
74.19354838709677 -40.32258064516128 0.058990182279972214 
74.19354838709677 -24.19354838709677 0.058238757905428234 
74.19354838709677 -8.064516129032256 0.05760637099436983 
74.19354838709677 8.064516129032256 0.05712881449089269 
74.19354838709677 24.19354838709677 0.05679360828580764 
74.19354838709677 40.32258064516128 0.05658280967058402 
74.19354838709677 56.451612903225794 0.056537529435762776 
74.19354838709677 72.5806451612903 0.05663549803603228 
74.19354838709677 88.70967741935482 0.05685553649106566 
74.19354838709677 104.83870967741933 0.05720657604612042 
74.19354838709677 120.96774193548384 0.05771145880088932 
74.19354838709677 137.0967741935484 0.05836203881722926 
74.19354838709677 153.22580645161293 0.05909306302491109 
74.19354838709677 169.35483870967744 0.05993427261084472 
74.19354838709677 185.48387096774195 0.06087915286748302 
74.19354838709677 201.61290322580646 0.061876954087967395 
74.19354838709677 217.74193548387098 0.0629054557959967 
74.19354838709677 233.8709677419355 0.06392300532027266 
74.19354838709677 250.0 0.06490914526748172 
80.64516129032256 -250.0 0.08873286731999624 
80.64516129032256 -233.8709677419355 0.08807069130475503 
80.64516129032256 -217.74193548387098 0.08714528907237212 
80.64516129032256 -201.61290322580646 0.08599344151259614 
80.64516129032256 -185.48387096774195 0.08465192951517816 
80.64516129032256 -169.35483870967744 0.08315753396986758 
80.64516129032256 -153.2258064516129 0.08154703576641442 
80.64516129032256 -137.09677419354838 0.07985561521667339 
80.64516129032256 -120.96774193548387 0.0781227460159688 
80.64516129032256 -104.83870967741936 0.07638783695801782 
80.64516129032256 -88.70967741935485 0.0746747951871859 
80.64516129032256 -72.58064516129033 0.0730242654215405 
80.64516129032256 -56.451612903225794 0.07150337866448955 
80.64516129032256 -40.32258064516128 0.07015029714136597 
80.64516129032256 -24.19354838709677 0.06892615875674038 
80.64516129032256 -8.064516129032256 0.06788021437531491 
80.64516129032256 8.064516129032256 0.06708380954945686 
80.64516129032256 24.19354838709677 0.0665122552129139 
80.64516129032256 40.32258064516128 0.06612754476468014 
80.64516129032256 56.451612903225794 0.06600856092311164 
80.64516129032256 72.5806451612903 0.06611855411337206 
80.64516129032256 88.70967741935482 0.0664144636315992 
80.64516129032256 104.83870967741933 0.06691155800155243 
80.64516129032256 120.96774193548384 0.06765195018561967 
80.64516129032256 137.0967741935484 0.06861421859683181 
80.64516129032256 153.22580645161293 0.06967819805081851 
80.64516129032256 169.35483870967744 0.07089916020946174 
80.64516129032256 185.48387096774195 0.07225554764104605 
80.64516129032256 201.61290322580646 0.07364014352027204 
80.64516129032256 217.74193548387098 0.07500658935677271 
80.64516129032256 233.8709677419355 0.07628112106554286 
80.64516129032256 250.0 0.07741202723733731 
87.09677419354838 -250.0 0.10829489730460945 
87.09677419354838 -233.8709677419355 0.1078840710292891 
87.09677419354838 -217.74193548387098 0.10697412234475628 
87.09677419354838 -201.61290322580646 0.105629026039047 
87.09677419354838 -185.48387096774195 0.10391275690020169 
87.09677419354838 -169.35483870967744 0.10188928971625744 
87.09677419354838 -153.2258064516129 0.09962259927525285 
87.09677419354838 -137.09677419354838 0.09717245608498493 
87.09677419354838 -120.96774193548387 0.09460810639193562 
87.09677419354838 -104.83870967741936 0.09200380928473434 
87.09677419354838 -88.70967741935485 0.08939521818163693 
87.09677419354838 -72.58064516129033 0.08685227585632016 
87.09677419354838 -56.451612903225794 0.08449345711684314 
87.09677419354838 -40.32258064516128 0.08238578555263143 
87.09677419354838 -24.19354838709677 0.08046114665728488 
87.09677419354838 -8.064516129032256 0.07880379570275053 
87.09677419354838 8.064516129032256 0.07753727201357352 
87.09677419354838 24.19354838709677 0.07661957199876523 
87.09677419354838 40.32258064516128 0.07598302892694953 
87.09677419354838 56.451612903225794 0.07576064467984506 
87.09677419354838 72.5806451612903 0.07589661561795064 
87.09677419354838 88.70967741935482 0.07631530065394487 
87.09677419354838 104.83870967741933 0.07704008503962312 
87.09677419354838 120.96774193548384 0.0781403481969723 
87.09677419354838 137.0967741935484 0.07957430022872586 
87.09677419354838 153.22580645161293 0.0811440332146608 
87.09677419354838 169.35483870967744 0.08294050386187674 
87.09677419354838 185.48387096774195 0.08491825546970483 
87.09677419354838 201.61290322580646 0.08688567600460229 
87.09677419354838 217.74193548387098 0.08875891490429849 
87.09677419354838 233.8709677419355 0.09042055335988985 
87.09677419354838 250.0 0.09176993584868215 
93.54838709677418 -250.0 0.13191328198458907 
93.54838709677418 -233.8709677419355 0.1318087087670966 
93.54838709677418 -217.74193548387098 0.13088312938484448 
93.54838709677418 -201.61290322580646 0.1292379004753354 
93.54838709677418 -185.48387096774195 0.12697437867607902 
93.54838709677418 -169.35483870967744 0.1241939206245799 
93.54838709677418 -153.2258064516129 0.1209978829583448 
93.54838709677418 -137.09677419354838 0.11747961273839369 
93.54838709677418 -120.96774193548387 0.11374933410241295 
93.54838709677418 -104.83870967741936 0.1099302018339735 
93.54838709677418 -88.70967741935485 0.10607318566344875 
93.54838709677418 -72.58064516129033 0.10228813645959883 
93.54838709677418 -56.451612903225794 0.09876428683290772 
93.54838709677418 -40.32258064516128 0.09560867591189731 
93.54838709677418 -24.19354838709677 0.09271296270429058 
93.54838709677418 -8.064516129032256 0.09020926007114477 
93.54838709677418 8.064516129032256 0.08829294658719411 
93.54838709677418 24.19354838709677 0.08689879412408213 
93.54838709677418 40.32258064516128 0.08591818110873306 
93.54838709677418 56.451612903225794 0.08555736905611466 
93.54838709677418 72.5806451612903 0.0857363534249389 
93.54838709677418 88.70967741935482 0.08633423706780358 
93.54838709677418 104.83870967741933 0.08738447102703417 
93.54838709677418 120.96774193548384 0.08899300409548017 
93.54838709677418 137.0967741935484 0.09108920954114835 
93.54838709677418 153.22580645161293 0.09337078215369832 
93.54838709677418 169.35483870967744 0.0959760243160051 
93.54838709677418 185.48387096774195 0.09882494094620597 
93.54838709677418 201.61290322580646 0.1016083823269559 
93.54838709677418 217.74193548387098 0.10418881020160092 
93.54838709677418 233.8709677419355 0.10639192497353489 
93.54838709677418 250.0 0.10804687776250699 
100.0 -250.0 0.1600064583465446 
100.0 -233.8709677419355 0.1602676274560808 
100.0 -217.74193548387098 0.15928689146104358 
100.0 -201.61290322580646 0.15721474507111632 
100.0 -185.48387096774195 0.15420168299599346 
100.0 -169.35483870967744 0.15039819994536074 
100.0 -153.2258064516129 0.14595479062890848 
100.0 -137.09677419354838 0.14100873027580485 
100.0 -120.96774193548387 0.13572415197697307 
100.0 -104.83870967741936 0.13028939872235523 
100.0 -88.70967741935485 0.12477481897129183 
100.0 -72.58064516129033 0.1193423703637847 
100.0 -56.451612903225794 0.11427444070357096 
100.0 -40.32258064516128 0.10973099661729191 
100.0 -24.19354838709677 0.10555084799498637 
100.0 -8.064516129032256 0.10192875257496525 
100.0 8.064516129032256 0.09915457797426941 
100.0 24.19354838709677 0.09713315706958492 
100.0 40.32258064516128 0.09570192026137136 
100.0 56.451612903225794 0.0951623224020719 
100.0 72.5806451612903 0.09540443840950785 
100.0 88.70967741935482 0.09624746238287607 
100.0 104.83870967741933 0.09773702983048693 
100.0 120.96774193548384 0.10002626914167634 
100.0 137.0967741935484 0.1030058723623355 
100.0 153.22580645161293 0.10623865850519143 
100.0 169.35483870967744 0.10992344231976192 
100.0 185.48387096774195 0.11393326866329634 
100.0 201.61290322580646 0.11780309327333083 
100.0 217.74193548387098 0.12132265301170642 
100.0 233.8709677419355 0.12424585867669868 
100.0 250.0 0.1263068596398026 
