# x (au) y (au) V (au) npoints = 32 32 q1_range = -100.0 100.0 q2_range = -250.0 250.0 
-100.0 -250.0 0.20731438864481017 
-100.0 -233.8709677419355 0.20426319267485105 
-100.0 -217.74193548387098 0.2012889367115785 
-100.0 -201.61290322580646 0.1983965921864307 
-100.0 -185.48387096774195 0.1955911305309172 
-100.0 -169.35483870967744 0.19287752317650858 
-100.0 -153.2258064516129 0.1902607415546993 
-100.0 -137.09677419354838 0.18775570773646288 
-100.0 -120.96774193548387 0.18536964483730867 
-100.0 -104.83870967741936 0.18305553357016097 
-100.0 -88.70967741935485 0.18084298031445756 
-100.0 -72.58064516129033 0.1787812665780535 
-100.0 -56.451612903225794 0.17687113463161425 
-100.0 -40.32258064516128 0.1750774342612073 
-100.0 -24.19354838709677 0.17341853328243045 
-100.0 -8.064516129032256 0.17187624093677606 
-100.0 8.064516129032256 0.17044221975067936 
-100.0 24.19354838709677 0.1691443475920319 
-100.0 40.32258064516128 0.167975054186284 
-100.0 56.451612903225794 0.16685379203362266 
-100.0 72.5806451612903 0.1658393606741651 
-100.0 88.70967741935482 0.16499891060099664 
-100.0 104.83870967741933 0.1643084846238934 
-100.0 120.96774193548384 0.16371787945144484 
-100.0 137.0967741935484 0.16323290728974854 
-100.0 153.22580645161293 0.1628176763118762 
-100.0 169.35483870967744 0.16252897293792812 
-100.0 185.48387096774195 0.16233781760924137 
-100.0 201.61290322580646 0.16218803759093908 
-100.0 217.74193548387098 0.16211107338759073 
-100.0 233.8709677419355 0.16204376859864567 
-100.0 250.0 0.16195688705980554 
-93.54838709677419 -250.0 0.20151904094831952 
-93.54838709677419 -233.8709677419355 0.19841756716011072 
-93.54838709677419 -217.74193548387098 0.1953974563875951 
-93.54838709677419 -201.61290322580646 0.19246256202740614 
-93.54838709677419 -185.48387096774195 0.1896167374762285 
-93.54838709677419 -169.35483870967744 0.18686383613072102 
-93.54838709677419 -153.2258064516129 0.18420771138755612 
-93.54838709677419 -137.09677419354838 0.1816594981453687 
-93.54838709677419 -120.96774193548387 0.17922472958739094 
-93.54838709677419 -104.83870967741936 0.17686915403637354 
-93.54838709677419 -88.70967741935485 0.17461455602290563 
-93.54838709677419 -72.58064516129033 0.172497307743344 
-93.54838709677419 -56.451612903225794 0.17051855034364474 
-93.54838709677419 -40.32258064516128 0.1686527426839943 
-93.54838709677419 -24.19354838709677 0.16691255421246168 
-93.54838709677419 -8.064516129032256 0.1652851550823567 
-93.54838709677419 8.064516129032256 0.16376466983269872 
-93.54838709677419 24.19354838709677 0.162371455518996 
-93.54838709677419 40.32258064516128 0.16110055260764441 
-93.54838709677419 56.451612903225794 0.15989428143441958 
-93.54838709677419 72.5806451612903 0.1587955763399083 
-93.54838709677419 88.70967741935482 0.15785251752689436 
-93.54838709677419 104.83870967741933 0.15704768318768048 
-93.54838709677419 120.96774193548384 0.15634601583934477 
-93.54838709677419 137.0967741935484 0.15575338691658716 
-93.54838709677419 153.22580645161293 0.1552436486817849 
-93.54838709677419 169.35483870967744 0.1548585735959748 
-93.54838709677419 185.48387096774195 0.15457799584432708 
-93.54838709677419 201.61290322580646 0.1543616405963257 
-93.54838709677419 217.74193548387098 0.15423247353614433 
-93.54838709677419 233.8709677419355 0.15414491369914873 
-93.54838709677419 250.0 0.1540783480959176 
-87.09677419354838 -250.0 0.19571268769263891 
-87.09677419354838 -233.8709677419355 0.19259398860767515 
-87.09677419354838 -217.74193548387098 0.18956086414731496 
-87.09677419354838 -201.61290322580646 0.1866162668153201 
-87.09677419354838 -185.48387096774195 0.18376314911548736 
-87.09677419354838 -169.35483870967744 0.18100446355159647 
-87.09677419354838 -153.2258064516129 0.1783431626274367 
-87.09677419354838 -137.09677419354838 0.1757873158277549 
-87.09677419354838 -120.96774193548387 0.1733410866747053 
-87.09677419354838 -104.83870967741936 0.17098059244483624 
-87.09677419354838 -88.70967741935485 0.1687212957952456 
-87.09677419354838 -72.58064516129033 0.16658909646532682 
-87.09677419354838 -56.451612903225794 0.1645853879659511 
-87.09677419354838 -40.32258064516128 0.16269242464374306 
-87.09677419354838 -24.19354838709677 0.1609184662140544 
-87.09677419354838 -8.064516129032256 0.15925498541845273 
-87.09677419354838 8.064516129032256 0.15769814857728287 
-87.09677419354838 24.19354838709677 0.15626230490427598 
-87.09677419354838 40.32258064516128 0.1549445237056945 
-87.09677419354838 56.451612903225794 0.15370539625181112 
-87.09677419354838 72.5806451612903 0.15257499610700795 
-87.09677419354838 88.70967741935482 0.15158627664912241 
-87.09677419354838 104.83870967741933 0.1507271677832416 
-87.09677419354838 120.96774193548384 0.14997453250104964 
-87.09677419354838 137.0967741935484 0.14933400504974959 
-87.09677419354838 153.22580645161293 0.1487875192575503 
-87.09677419354838 169.35483870967744 0.14836481381390462 
-87.09677419354838 185.48387096774195 0.14805262308165007 
-87.09677419354838 201.61290322580646 0.14782339440517753 
-87.09677419354838 217.74193548387098 0.14769344335288823 
-87.09677419354838 233.8709677419355 0.14763128346633336 
-87.09677419354838 250.0 0.14762312912168316 
-80.64516129032259 -250.0 0.18994754758002974 
-80.64516129032259 -233.8709677419355 0.1868417208420713 
-80.64516129032259 -217.74193548387098 0.18382545045195336 
-80.64516129032259 -201.61290322580646 0.18090098110293917 
-80.64516129032259 -185.48387096774195 0.17807055748831657 
-80.64516129032259 -169.35483870967744 0.17533642430136143 
-80.64516129032259 -153.2258064516129 0.1727008262353562 
-80.64516129032259 -137.09677419354838 0.17016941521282447 
-80.64516129032259 -120.96774193548387 0.16774527095813663 
-80.64516129032259 -104.83870967741936 0.16541271568412044 
-80.64516129032259 -88.70967741935485 0.1631822395476352 
-80.64516129032259 -72.58064516129033 0.16107145997541455 
-80.64516129032259 -56.451612903225794 0.15908189604005363 
-80.64516129032259 -40.32258064516128 0.15720196475422638 
-80.64516129032259 -24.19354838709677 0.15543665033616194 
-80.64516129032259 -8.064516129032256 0.15378078274765833 
-80.64516129032259 8.064516129032256 0.15223218609851924 
-80.64516129032259 24.19354838709677 0.1508005494404257 
-80.64516129032259 40.32258064516128 0.14948445540167216 
-80.64516129032259 56.451612903225794 0.14825866357403739 
-80.64516129032259 72.5806451612903 0.14714309230846329 
-80.64516129032259 88.70967741935482 0.14615906597759576 
-80.64516129032259 104.83870967741933 0.14529879640072135 
-80.64516129032259 120.96774193548384 0.1445482171441949 
-80.64516129032259 137.0967741935484 0.14391248885847727 
-80.64516129032259 153.22580645161293 0.14338011145551655 
-80.64516129032259 169.35483870967744 0.14297145619841467 
-80.64516129032259 185.48387096774195 0.14267846410109597 
-80.64516129032259 201.61290322580646 0.14248346919759206 
-80.64516129032259 217.74193548387098 0.1423977614199395 
-80.64516129032259 233.8709677419355 0.14240084582009066 
-80.64516129032259 250.0 0.1424841681955014 
-74.19354838709677 -250.0 0.18427583931275113 
-74.19354838709677 -233.8709677419355 0.1812100276878243 
-74.19354838709677 -217.74193548387098 0.178237505762723 
-74.19354838709677 -201.61290322580646 0.17535997944302845 
-74.19354838709677 -185.48387096774195 0.1725791546343374 
-74.19354838709677 -169.35483870967744 0.16989673724223947 
-74.19354838709677 -153.2258064516129 0.16731443317232786 
-74.19354838709677 -137.09677419354838 0.1648360507297785 
-74.19354838709677 -120.96774193548387 0.1624638372965681 
-74.19354838709677 -104.83870967741936 0.16018839064279466 
-74.19354838709677 -88.70967741935485 0.15801642719623116 
-74.19354838709677 -72.58064516129033 0.15595922550501934 
-74.19354838709677 -56.451612903225794 0.1540183231074719 
-74.19354838709677 -40.32258064516128 0.15218684762921583 
-74.19354838709677 -24.19354838709677 0.15046748762773612 
-74.19354838709677 -8.064516129032256 0.1488575978725659 
-74.19354838709677 8.064516129032256 0.14735631251049308 
-74.19354838709677 24.19354838709677 0.14596984281999723 
-74.19354838709677 40.32258064516128 0.14469783561681263 
-74.19354838709677 56.451612903225794 0.1435256104893359 
-74.19354838709677 72.5806451612903 0.14246533727727195 
-74.19354838709677 88.70967741935482 0.14152976352222663 
-74.19354838709677 104.83870967741933 0.14071442703026119 
-74.19354838709677 120.96774193548384 0.1400118574764142 
-74.19354838709677 137.0967741935484 0.13942656551201052 
-74.19354838709677 153.22580645161293 0.13895224869202524 
-74.19354838709677 169.35483870967744 0.13860226335619896 
-74.19354838709677 185.48387096774195 0.13837228368254917 
-74.19354838709677 201.61290322580646 0.138252035153665 
-74.19354838709677 217.74193548387098 0.1382492063194134 
-74.19354838709677 233.8709677419355 0.13835156868030818 
-74.19354838709677 250.0 0.13855440337577143 
-67.74193548387098 -250.0 0.17874978159306149 
-67.74193548387098 -233.8709677419355 0.1757481729694582 
-67.74193548387098 -217.74193548387098 0.17284332054083615 
-67.74193548387098 -201.61290322580646 0.17003653638835195 
-67.74193548387098 -185.48387096774195 0.16732913259317073 
-67.74193548387098 -169.35483870967744 0.16472242123645411 
-67.74193548387098 -153.2258064516129 0.16221771439936503 
-67.74193548387098 -137.09677419354838 0.15981747680781722 
-67.74193548387098 -120.96774193548387 0.15752334054888245 
-67.74193548387098 -104.83870967741936 0.1553304842094276 
-67.74193548387098 -88.70967741935485 0.1532428986571896 
-67.74193548387098 -72.58064516129033 0.1512672202855524 
-67.74193548387098 -56.451612903225794 0.1494049177097244 
-67.74193548387098 -40.32258064516128 0.14765255788248202 
-67.74193548387098 -24.19354838709677 0.14601135913772878 
-67.74193548387098 -8.064516129032256 0.14448048159576787 
-67.74193548387098 8.064516129032256 0.14306005792728932 
-67.74193548387098 24.19354838709677 0.14175383873554187 
-67.74193548387098 40.32258064516128 0.14056215227235166 
-67.74193548387098 56.451612903225794 0.13947776408594487 
-67.74193548387098 72.5806451612903 0.1385072033464309 
-67.74193548387098 88.70967741935482 0.13765724729292628 
-67.74193548387098 104.83870967741933 0.13692591766200363 
-67.74193548387098 120.96774193548384 0.13631024120534121 
-67.74193548387098 137.0967741935484 0.13581396217958938 
-67.74193548387098 153.22580645161293 0.135434754383418 
-67.74193548387098 169.35483870967744 0.13518099789395202 
-67.74193548387098 185.48387096774195 0.13505084660589423 
-67.74193548387098 201.61290322580646 0.13503926245349135 
-67.74193548387098 217.74193548387098 0.13515155663342504 
-67.74193548387098 233.8709677419355 0.1353814199668741 
-67.74193548387098 250.0 0.13572677272089106 
-61.29032258064517 -250.0 0.17342159312322133 
-61.29032258064517 -233.8709677419355 0.17050542051149883 
-61.29032258064517 -217.74193548387098 0.1676891852475068 
-61.29032258064517 -201.61290322580646 0.16497392649167553 
-61.29032258064517 -185.48387096774195 0.1623606834044391 
-61.29032258064517 -169.35483870967744 0.15985049514623031 
-61.29032258064517 -153.2258064516129 0.15744440087748232 
-61.29032258064517 -137.09677419354838 0.15514394787614294 
-61.29032258064517 -120.96774193548387 0.15295033557396398 
-61.29032258064517 -104.83870967741936 0.15086186327258924 
-61.29032258064517 -88.70967741935485 0.1488806938466679 
-61.29032258064517 -72.58064516129033 0.14701027154842652 
-61.29032258064517 -56.451612903225794 0.1452519283883312 
-61.29032258064517 -40.32258064516128 0.14360458012779714 
-61.29032258064517 -24.19354838709677 0.14206864591509247 
-61.29032258064517 -8.064516129032256 0.14064448471985766 
-61.29032258064517 8.064516129032256 0.13933295246299424 
-61.29032258064517 24.19354838709677 0.13813619087961226 
-61.29032258064517 40.32258064516128 0.1370548932895256 
-61.29032258064517 56.451612903225794 0.13608665145210325 
-61.29032258064517 72.5806451612903 0.13523416284893874 
-61.29032258064517 88.70967741935482 0.13450039529960836 
-61.29032258064517 104.83870967741933 0.1338851262860914 
-61.29032258064517 120.96774193548384 0.1333881560386107 
-61.29032258064517 137.0967741935484 0.13301240603045505 
-61.29032258064517 153.22580645161293 0.13275845194603736 
-61.29032258064517 169.35483870967744 0.13263142241836937 
-61.29032258064517 185.48387096774195 0.1326309176510163 
-61.29032258064517 201.61290322580646 0.13275532127716774 
-61.29032258064517 217.74193548387098 0.1330085909440905 
-61.29032258064517 233.8709677419355 0.1333883675996778 
-61.29032258064517 250.0 0.13389421428925988 
-54.83870967741936 -250.0 0.16834349260548995 
-54.83870967741936 -233.8709677419355 0.165531034138471 
-54.83870967741936 -217.74193548387098 0.16282139034394777 
-54.83870967741936 -201.61290322580646 0.16021542430576385 
-54.83870967741936 -185.48387096774195 0.15771399910776376 
-54.83870967741936 -169.35483870967744 0.15531797783379214 
-54.83870967741936 -153.2258064516129 0.15302822356769322 
-54.83870967741936 -137.09677419354838 0.1508457183639565 
-54.83870967741936 -120.96774193548387 0.14877137723069594 
-54.83870967741936 -104.83870967741936 0.14680539472084864 
-54.83870967741936 -88.70967741935485 0.14494885268082272 
-54.83870967741936 -72.58064516129033 0.14320320652505336 
-54.83870967741936 -56.451612903225794 0.14156960368481147 
-54.83870967741936 -40.32258064516128 0.14004839897893265 
-54.83870967741936 -24.19354838709677 0.1386397290087791 
-54.83870967741936 -8.064516129032256 0.13734465804742793 
-54.83870967741936 8.064516129032256 0.13616452623169334 
-54.83870967741936 24.19354838709677 0.13510055294476045 
-54.83870967741936 40.32258064516128 0.13415354658957032 
-54.83870967741936 56.451612903225794 0.13332379967604915 
-54.83870967741936 72.5806451612903 0.13261168811779267 
-54.83870967741936 88.70967741935482 0.1320180855521852 
-54.83870967741936 104.83870967741933 0.13154391089266676 
-54.83870967741936 120.96774193548384 0.1311903896838565 
-54.83870967741936 137.0967741935484 0.13095962423384783 
-54.83870967741936 153.22580645161293 0.13085416479622525 
-54.83870967741936 169.35483870967744 0.13087729953614566 
-54.83870967741936 185.48387096774195 0.13102926159779996 
-54.83870967741936 201.61290322580646 0.13131038180479 
-54.83870967741936 217.74193548387098 0.1317240878335253 
-54.83870967741936 233.8709677419355 0.13227037949860757 
-54.83870967741936 250.0 0.13294966613927625 
-48.38709677419355 -250.0 0.16357327435384922 
-48.38709677419355 -233.8709677419355 0.16087887567266754 
-48.38709677419355 -217.74193548387098 0.15829011508307073 
-48.38709677419355 -201.61290322580646 0.15580772766978307 
-48.38709677419355 -185.48387096774195 0.15343244851752902 
-48.38709677419355 -169.35483870967744 0.1511650127110332 
-48.38709677419355 -153.2258064516129 0.14900615533501982 
-48.38709677419355 -137.09677419354838 0.14695652956499797 
-48.38709677419355 -120.96774193548387 0.14501685752861385 
-48.38709677419355 -104.83870967741936 0.1431882918171557 
-48.38709677419355 -88.70967741935485 0.14147134491040292 
-48.38709677419355 -72.58064516129033 0.13986637299841642 
-48.38709677419355 -56.451612903225794 0.13837431515760543 
-48.38709677419355 -40.32258064516128 0.13699624475584526 
-48.38709677419355 -24.19354838709677 0.13573229564755016 
-48.38709677419355 -8.064516129032256 0.13458392489492962 
-48.38709677419355 8.064516129032256 0.13355270592697405 
-48.38709677419355 24.19354838709677 0.1326395846429358 
-48.38709677419355 40.32258064516128 0.13184548139580582 
-48.38709677419355 56.451612903225794 0.13117150498857566 
-48.38709677419355 72.5806451612903 0.13061661718950268 
-48.38709677419355 88.70967741935482 0.1301814185640395 
-48.38709677419355 104.83870967741933 0.1298672451142817 
-48.38709677419355 120.96774193548384 0.129675409446483 
-48.38709677419355 137.0967741935484 0.12960799981284765 
-48.38709677419355 153.22580645161293 0.12966809010646668 
-48.38709677419355 169.35483870967744 0.12985790858148785 
-48.38709677419355 185.48387096774195 0.13017821587561473 
-48.38709677419355 201.61290322580646 0.13063021651573098 
-48.38709677419355 217.74193548387098 0.13121656203341311 
-48.38709677419355 233.8709677419355 0.1319385222342384 
-48.38709677419355 250.0 0.1327969286426719 
-41.935483870967744 -250.0 0.15915417014685346 
-41.935483870967744 -233.8709677419355 0.15659080076437135 
-41.935483870967744 -217.74193548387098 0.15413538729835913 
-41.935483870967744 -201.61290322580646 0.15178860072297487 
-41.935483870967744 -185.48387096774195 0.14955111201237692 
-41.935483870967744 -169.35483870967744 0.14742359214072356 
-41.935483870967744 -153.2258064516129 0.14540671208217293 
-41.935483870967744 -137.09677419354838 0.1435010263461396 
-41.935483870967744 -120.96774193548387 0.14170715723688235 
-41.935483870967744 -104.83870967741936 0.14002642615639418 
-41.935483870967744 -88.70967741935485 0.13845927417699172 
-41.935483870967744 -72.58064516129033 0.13700570916753183 
-41.935483870967744 -56.451612903225794 0.13566645050402892 
-41.935483870967744 -40.32258064516128 0.13444273677431912 
-41.935483870967744 -24.19354838709677 0.13333495739081108 
-41.935483870967744 -8.064516129032256 0.1323446529370944 
-41.935483870967744 8.064516129032256 0.13147349315836046 
-41.935483870967744 24.19354838709677 0.1307224278041968 
-41.935483870967744 40.32258064516128 0.1300922611642906 
-41.935483870967744 56.451612903225794 0.12958393759463233 
-41.935483870967744 72.5806451612903 0.12919610391731715 
-41.935483870967744 88.70967741935482 0.12892957223643664 
-41.935483870967744 104.83870967741933 0.12878584685182667 
-41.935483870967744 120.96774193548384 0.1287659555204974 
-41.935483870967744 137.0967741935484 0.1288716408596604 
-41.935483870967744 153.22580645161293 0.12910627948901818 
-41.935483870967744 169.35483870967744 0.12947201775096248 
-41.935483870967744 185.48387096774195 0.12996947137595322 
-41.935483870967744 201.61290322580646 0.13059988808156553 
-41.935483870967744 217.74193548387098 0.1313661012814909 
-41.935483870967744 233.8709677419355 0.13226973980143825 
-41.935483870967744 250.0 0.13331155536229355 
-35.483870967741936 -250.0 0.15512738256104736 
-35.483870967741936 -233.8709677419355 0.15270697367148695 
-35.483870967741936 -217.74193548387098 0.15039578700218229 
-35.483870967741936 -201.61290322580646 0.1481945178267306 
-35.483870967741936 -185.48387096774195 0.14610386141872844 
-35.483870967741936 -169.35483870967744 0.14412451305177304 
-35.483870967741936 -153.2258064516129 0.14225716799946103 
-35.483870967741936 -137.09677419354838 0.1405025207344558 
-35.483870967741936 -120.96774193548387 0.13886119636170144 
-35.483870967741936 -104.83870967741936 0.13733402577576556 
-35.483870967741936 -88.70967741935485 0.13592189147344905 
-35.483870967741936 -72.58064516129033 0.13462508933115921 
-35.483870967741936 -56.451612903225794 0.133444118698098 
-35.483870967741936 -40.32258064516128 0.13237999370993603 
-35.483870967741936 -24.19354838709677 0.13143362599541353 
-35.483870967741936 -8.064516129032256 0.1306063087554515 
-35.483870967741936 8.064516129032256 0.12989980174317223 
-35.483870967741936 24.19354838709677 0.12931492092698504 
-35.483870967741936 40.32258064516128 0.12885183823054283 
-35.483870967741936 56.451612903225794 0.12851134167194955 
-35.483870967741936 72.5806451612903 0.1282931592717954 
-35.483870967741936 88.70967741935482 0.12819727344509013 
-35.483870967741936 104.83870967741933 0.12822566029276763 
-35.483870967741936 120.96774193548384 0.12837977971493572 
-35.483870967741936 137.0967741935484 0.1286592998507448 
-35.483870967741936 153.22580645161293 0.1290691412807456 
-35.483870967741936 169.35483870967744 0.12961265300576003 
-35.483870967741936 185.48387096774195 0.13028889259973803 
-35.483870967741936 201.61290322580646 0.13109853716661954 
-35.483870967741936 217.74193548387098 0.13204706333890132 
-35.483870967741936 233.8709677419355 0.1331356772311255 
-35.483870967741936 250.0 0.13436440623778906 
-29.032258064516128 -250.0 0.15156882316306264 
-29.032258064516128 -233.8709677419355 0.14929617543436363 
-29.032258064516128 -217.74193548387098 0.14713409088980567 
-29.032258064516128 -201.61290322580646 0.14508324812801598 
-29.032258064516128 -185.48387096774195 0.1431443257476217 
-29.032258064516128 -169.35483870967744 0.14131800234725042 
-29.032258064516128 -153.2258064516129 0.13960495652552926 
-29.032258064516128 -137.09677419354838 0.13800600821491685 
-29.032258064516128 -120.96774193548387 0.13652175879218456 
-29.032258064516128 -104.83870967741936 0.13515235349101778 
-29.032258064516128 -88.70967741935485 0.133899115857172 
-29.032258064516128 -72.58064516129033 0.13276273448452922 
-29.032258064516128 -56.451612903225794 0.13174352742888265 
-29.032258064516128 -40.32258064516128 0.13084211096382525 
-29.032258064516128 -24.19354838709677 0.13005968069272433 
-29.032258064516128 -8.064516129032256 0.12939735363863417 
-29.032258064516128 8.064516129032256 0.12885680402894412 
-29.032258064516128 24.19354838709677 0.1284389571263758 
-29.032258064516128 40.32258064516128 0.12814367214979355 
-29.032258064516128 56.451612903225794 0.1279709984858635 
-29.032258064516128 72.5806451612903 0.12792154508164816 
-29.032258064516128 88.70967741935482 0.12799533494214713 
-29.032258064516128 104.83870967741933 0.12819427626368635 
-29.032258064516128 120.96774193548384 0.12851978781810355 
-29.032258064516128 137.0967741935484 0.12897095631933897 
-29.032258064516128 153.22580645161293 0.12955277050415964 
-29.032258064516128 169.35483870967744 0.13026940026158765 
-29.032258064516128 185.48387096774195 0.13111922935290563 
-29.032258064516128 201.61290322580646 0.13210234403926202 
-29.032258064516128 217.74193548387098 0.1332254096928735 
-29.032258064516128 233.8709677419355 0.13448933074295946 
-29.032258064516128 250.0 0.1358936964375126 
-22.580645161290334 -250.0 0.1485401414592992 
-22.580645161290334 -233.8709677419355 0.1464158625377634 
-22.580645161290334 -217.74193548387098 0.14440391832346464 
-22.580645161290334 -201.61290322580646 0.14250487041995144 
-22.580645161290334 -185.48387096774195 0.14071928043077217 
-22.580645161290334 -169.35483870967744 0.13904770995947563 
-22.580645161290334 -153.2258064516129 0.13749072060961012 
-22.580645161290334 -137.09677419354838 0.13604911517858884 
-22.580645161290334 -120.96774193548387 0.13472337398033074 
-22.580645161290334 -104.83870967741936 0.1335130535874734 
-22.580645161290334 -88.70967741935485 0.13241967634632815 
-22.580645161290334 -72.58064516129033 0.13144407384094062 
-22.580645161290334 -56.451612903225794 0.13058644370528688 
-22.580645161290334 -40.32258064516128 0.12984703615493817 
-22.580645161290334 -24.19354838709677 0.1292268022622109 
-22.580645161290334 -8.064516129032256 0.12872698465229526 
-22.580645161290334 8.064516129032256 0.1283489697157479 
-22.580645161290334 24.19354838709677 0.12809401587988797 
-22.580645161290334 40.32258064516128 0.1279623084978182 
-22.580645161290334 56.451612903225794 0.12795280473001275 
-22.580645161290334 72.5806451612903 0.12806610636271454 
-22.580645161290334 88.70967741935482 0.12830337157418967 
-22.580645161290334 104.83870967741933 0.12866574569290745 
-22.580645161290334 120.96774193548384 0.12915413205138018 
-22.580645161290334 137.0967741935484 0.1297696287766746 
-22.580645161290334 153.22580645161293 0.13051510563118848 
-22.580645161290334 169.35483870967744 0.13139446291397355 
-22.580645161290334 185.48387096774195 0.13240725550287957 
-22.580645161290334 201.61290322580646 0.13355349741603198 
-22.580645161290334 217.74193548387098 0.13483831803707036 
-22.580645161290334 233.8709677419355 0.13626310746926867 
-22.580645161290334 250.0 0.1378278378411959 
-16.129032258064527 -250.0 0.14606486069615104 
-16.129032258064527 -233.8709677419355 0.14409228053078915 
-16.129032258064527 -217.74193548387098 0.14223271352503597 
-16.129032258064527 -201.61290322580646 0.14048661717656838 
-16.129032258064527 -185.48387096774195 0.13885444898306315 
-16.129032258064527 -169.35483870967744 0.13733666644219755 
-16.129032258064527 -153.2258064516129 0.13593372705164822 
-16.129032258064527 -137.09677419354838 0.13464644212391158 
-16.129032258064527 -120.96774193548387 0.13347515583967334 
-16.129032258064527 -104.83870967741936 0.13241884027111575 
-16.129032258064527 -88.70967741935485 0.13147934046595772 
-16.129032258064527 -72.58064516129033 0.13065748792977025 
-16.129032258064527 -56.451612903225794 0.1299534093059818 
-16.129032258064527 -40.32258064516128 0.12936717342059748 
-16.129032258064527 -24.19354838709677 0.12889923375357645 
-16.129032258064527 -8.064516129032256 0.12855102675195293 
-16.129032258064527 8.064516129032256 0.12832376118533392 
-16.129032258064527 24.19354838709677 0.12821832177241374 
-16.129032258064527 40.32258064516128 0.12823491487821023 
-16.129032258064527 56.451612903225794 0.1283731028033828 
-16.129032258064527 72.5806451612903 0.1286340512183444 
-16.129032258064527 88.70967741935482 0.12901745526976474 
-16.129032258064527 104.83870967741933 0.12952443900062957 
-16.129032258064527 120.96774193548384 0.13015754848403924 
-16.129032258064527 137.0967741935484 0.13091839669917482 
-16.129032258064527 153.22580645161293 0.13180957498696377 
-16.129032258064527 169.35483870967744 0.13283515760498116 
-16.129032258064527 185.48387096774195 0.1339952929548099 
-16.129032258064527 201.61290322580646 0.13529061775631607 
-16.129032258064527 217.74193548387098 0.1367268984981933 
-16.129032258064527 233.8709677419355 0.1383066568503783 
-16.129032258064527 250.0 0.14003044801094375 
-9.677419354838719 -250.0 0.14413882133142034 
-9.677419354838719 -233.8709677419355 0.14231566706546028 
-9.677419354838719 -217.74193548387098 0.14060478060885737 
-9.677419354838719 -201.61290322580646 0.13900655776230053 
-9.677419354838719 -185.48387096774195 0.1375213943264788 
-9.677419354838719 -169.35483870967744 0.13614968610208167 
-9.677419354838719 -153.2258064516129 0.1348918288897981 
-9.677419354838719 -137.09677419354838 0.13374851155472858 
-9.677419354838719 -120.96774193548387 0.13272007904101416 
-9.677419354838719 -104.83870967741936 0.13180561601127402 
-9.677419354838719 -88.70967741935485 0.13100655153809865 
-9.677419354838719 -72.58064516129033 0.13032383659033242 
-9.677419354838719 -56.451612903225794 0.12975770633852332 
-9.677419354838719 -40.32258064516128 0.12930802294879812 
-9.677419354838719 -24.19354838709677 0.12897506044131424 
-9.677419354838719 -8.064516129032256 0.12875986738548775 
-9.677419354838719 8.064516129032256 0.12866355322952833 
-9.677419354838719 24.19354838709677 0.12868657220040952 
-9.677419354838719 40.32258064516128 0.12882867065132372 
-9.677419354838719 56.451612903225794 0.12908985682654747 
-9.677419354838719 72.5806451612903 0.12947143482074724 
-9.677419354838719 88.70967741935482 0.12997094745503623 
-9.677419354838719 104.83870967741933 0.13058931108584867 
-9.677419354838719 120.96774193548384 0.13132965033171948 
-9.677419354838719 137.0967741935484 0.13219162695668893 
-9.677419354838719 153.22580645161293 0.133177996510085 
-9.677419354838719 169.35483870967744 0.13429209644364098 
-9.677419354838719 185.48387096774195 0.13553193268575822 
-9.677419354838719 201.61290322580646 0.13689629609893308 
-9.677419354838719 217.74193548387098 0.13839026674276958 
-9.677419354838719 233.8709677419355 0.14001491362632695 
-9.677419354838719 250.0 0.14176872812540425 
-3.225806451612911 -250.0 0.14273069311933728 
-3.225806451612911 -233.8709677419355 0.14103916470361288 
-3.225806451612911 -217.74193548387098 0.13945888240719648 
-3.225806451612911 -201.61290322580646 0.13798999282034552 
-3.225806451612911 -185.48387096774195 0.13663264253331697 
-3.225806451612911 -169.35483870967744 0.13538697813636832 
-3.225806451612911 -153.2258064516129 0.13425314621975665 
-3.225806451612911 -137.09677419354838 0.13323138578337737 
-3.225806451612911 -120.96774193548387 0.13232194542434567 
-3.225806451612911 -104.83870967741936 0.13152433659336052 
-3.225806451612911 -88.70967741935485 0.13083871927169569 
-3.225806451612911 -72.58064516129033 0.1302661473229902 
-3.225806451612911 -56.451612903225794 0.12980683119871284 
-3.225806451612911 -40.32258064516128 0.12946006329166687 
-3.225806451612911 -24.19354838709677 0.12922621506545287 
-3.225806451612911 -8.064516129032256 0.12910518436363633 
-3.225806451612911 8.064516129032256 0.12909760660356157 
-3.225806451612911 24.19354838709677 0.12920430874740693 
-3.225806451612911 40.32258064516128 0.1294245240387978 
-3.225806451612911 56.451612903225794 0.1297556235475972 
-3.225806451612911 72.5806451612903 0.13019686272198666 
-3.225806451612911 88.70967741935482 0.13074707095322113 
-3.225806451612911 104.83870967741933 0.13140514983080182 
-3.225806451612911 120.96774193548384 0.13216954435293604 
-3.225806451612911 137.0967741935484 0.13303772478184886 
-3.225806451612911 153.22580645161293 0.13400920236961764 
-3.225806451612911 169.35483870967744 0.135084256149781 
-3.225806451612911 185.48387096774195 0.13625647602799815 
-3.225806451612911 201.61290322580646 0.13751828550430986 
-3.225806451612911 217.74193548387098 0.13886771787405514 
-3.225806451612911 233.8709677419355 0.14029978816071442 
-3.225806451612911 250.0 0.14180716471587756 
3.225806451612897 -250.0 0.14176229881644292 
3.225806451612897 -233.8709677419355 0.14016078835406828 
3.225806451612897 -217.74193548387098 0.13867116251483658 
3.225806451612897 -201.61290322580646 0.13729238209511577 
3.225806451612897 -185.48387096774195 0.13602340789127346 
3.225806451612897 -169.35483870967744 0.13486320069967794 
3.225806451612897 -153.2258064516129 0.13381072131669688 
3.225806451612897 -137.09677419354838 0.13286604912716024 
3.225806451612897 -120.96774193548387 0.1320277015438059 
3.225806451612897 -104.83870967741936 0.13129010309243888 
3.225806451612897 -88.70967741935485 0.13065682089991165 
3.225806451612897 -72.58064516129033 0.1301274147689927 
3.225806451612897 -56.451612903225794 0.12969990167889917 
3.225806451612897 -40.32258064516128 0.12937280610136373 
3.225806451612897 -24.19354838709677 0.1291443897443756 
3.225806451612897 -8.064516129032256 0.12901483494717808 
3.225806451612897 8.064516129032256 0.12898318947823906 
3.225806451612897 24.19354838709677 0.1290486770556563 
3.225806451612897 40.32258064516128 0.12920992288330674 
3.225806451612897 56.451612903225794 0.12946292807415832 
3.225806451612897 72.5806451612903 0.12980560037930192 
3.225806451612897 88.70967741935482 0.13023700452620973 
3.225806451612897 104.83870967741933 0.13075504609468042 
3.225806451612897 120.96774193548384 0.13135688113954655 
3.225806451612897 137.0967741935484 0.1320401461126691 
3.225806451612897 153.22580645161293 0.13280170549251605 
3.225806451612897 169.35483870967744 0.13364305716057234 
3.225806451612897 185.48387096774195 0.13455806896126585 
3.225806451612897 201.61290322580646 0.135538249783518 
3.225806451612897 217.74193548387098 0.13658199828171477 
3.225806451612897 233.8709677419355 0.13768323663609944 
3.225806451612897 250.0 0.13883479069833568 
9.677419354838705 -250.0 0.14089893133134418 
9.677419354838705 -233.8709677419355 0.13933952045307588 
9.677419354838705 -217.74193548387098 0.13788870955496962 
9.677419354838705 -201.61290322580646 0.1365442801658196 
9.677419354838705 -185.48387096774195 0.13530401381441995 
9.677419354838705 -169.35483870967744 0.13416569202956488 
9.677419354838705 -153.2258064516129 0.13312709634004855 
9.677419354838705 -137.09677419354838 0.13218837305541203 
9.677419354838705 -120.96774193548387 0.13134619646357637 
9.677419354838705 -104.83870967741936 0.1305890771732913 
9.677419354838705 -88.70967741935485 0.12992498357637491 
9.677419354838705 -72.58064516129033 0.1293519007914607 
9.677419354838705 -56.451612903225794 0.12886548020912503 
9.677419354838705 -40.32258064516128 0.1284635641174417 
9.677419354838705 -24.19354838709677 0.12814198138900718 
9.677419354838705 -8.064516129032256 0.12790198935316366 
9.677419354838705 8.064516129032256 0.12774153546037545 
9.677419354838705 24.19354838709677 0.12765786466205406 
9.677419354838705 40.32258064516128 0.12764934070993023 
9.677419354838705 56.451612903225794 0.1277129829320996 
9.677419354838705 72.5806451612903 0.12784649236481435 
9.677419354838705 88.70967741935482 0.1280483282162831 
9.677419354838705 104.83870967741933 0.12831729519196 
9.677419354838705 120.96774193548384 0.128652826790816 
9.677419354838705 137.0967741935484 0.12905437874992048 
9.677419354838705 153.22580645161293 0.12951970269503993 
9.677419354838705 169.35483870967744 0.13005447276156787 
9.677419354838705 185.48387096774195 0.1306569203118386 
9.677419354838705 201.61290322580646 0.13132361217793248 
9.677419354838705 217.74193548387098 0.1320600245810104 
9.677419354838705 233.8709677419355 0.13286521854381458 
9.677419354838705 250.0 0.1337375298361873 
16.129032258064512 -250.0 0.13965809149073238 
16.129032258064512 -233.8709677419355 0.1381045889371807 
16.129032258064512 -217.74193548387098 0.13664487682374582 
16.129032258064512 -201.61290322580646 0.135277467780964 
16.129032258064512 -185.48387096774195 0.13400087443937123 
16.129032258064512 -169.35483870967744 0.1328136094295039 
16.129032258064512 -153.2258064516129 0.13171418538189794 
16.129032258064512 -137.09677419354838 0.13070236546195177 
16.129032258064512 -120.96774193548387 0.12977624279237396 
16.129032258064512 -104.83870967741936 0.12892911556705722 
16.129032258064512 -88.70967741935485 0.12816444503876676 
16.129032258064512 -72.58064516129033 0.1274818913729427 
16.129032258064512 -56.451612903225794 0.12687896825870204 
16.129032258064512 -40.32258064516128 0.12635319314503116 
16.129032258064512 -24.19354838709677 0.12590250248538665 
16.129032258064512 -8.064516129032256 0.12552713801592247 
16.129032258064512 8.064516129032256 0.12522695817578003 
16.129032258064512 24.19354838709677 0.12500153342369033 
16.129032258064512 40.32258064516128 0.1248500379769882 
16.129032258064512 56.451612903225794 0.12477003383610823 
16.129032258064512 72.5806451612903 0.12475816728952886 
16.129032258064512 88.70967741935482 0.12481555487188353 
16.129032258064512 104.83870967741933 0.12494202765590096 
16.129032258064512 120.96774193548384 0.1251351649594065 
16.129032258064512 137.0967741935484 0.12539451360607365 
16.129032258064512 153.22580645161293 0.12572138494231927 
16.129032258064512 169.35483870967744 0.12612032635330866 
16.129032258064512 185.48387096774195 0.12659076118379825 
16.129032258064512 201.61290322580646 0.12713105971458968 
16.129032258064512 217.74193548387098 0.12774529910438442 
16.129032258064512 233.8709677419355 0.12843591619305175 
16.129032258064512 250.0 0.12920188019560208 
22.58064516129032 -250.0 0.1380234330372544 
22.58064516129032 -233.8709677419355 0.13644674733037349 
22.58064516129032 -217.74193548387098 0.1349557026705579 
22.58064516129032 -201.61290322580646 0.13354949564908838 
22.58064516129032 -185.48387096774195 0.13222732285724556 
22.58064516129032 -169.35483870967744 0.13098838088631068 
22.58064516129032 -153.2258064516129 0.12983186632756427 
22.58064516129032 -137.09677419354838 0.12875715985319455 
22.58064516129032 -120.96774193548387 0.1277635823171677 
22.58064516129032 -104.83870967741936 0.12684921332059104 
22.58064516129032 -88.70967741935485 0.1260134970847834 
22.58064516129032 -72.58064516129033 0.1252570639179389 
22.58064516129032 -56.451612903225794 0.12457877189183826 
22.58064516129032 -40.32258064516128 0.12397633146787752 
22.58064516129032 -24.19354838709677 0.1234503635559046 
22.58064516129032 -8.064516129032256 0.12300025523441349 
22.58064516129032 8.064516129032256 0.1226265865604318 
22.58064516129032 24.19354838709677 0.12233066578317835 
22.58064516129032 40.32258064516128 0.12211285595554926 
22.58064516129032 56.451612903225794 0.12197170921458925 
22.58064516129032 72.5806451612903 0.12190467344488494 
22.58064516129032 88.70967741935482 0.12191071211913754 
22.58064516129032 104.83870967741933 0.12199030948920211 
22.58064516129032 120.96774193548384 0.12214281118069813 
22.58064516129032 137.0967741935484 0.12236598305759745 
22.58064516129032 153.22580645161293 0.12266196173116563 
22.58064516129032 169.35483870967744 0.12303308766805401 
22.58064516129032 185.48387096774195 0.1234802051658365 
22.58064516129032 201.61290322580646 0.12400169196310007 
22.58064516129032 217.74193548387098 0.12459542548259062 
22.58064516129032 233.8709677419355 0.1252645686230421 
22.58064516129032 250.0 0.126007940008545 
29.032258064516128 -250.0 0.13639166955403176 
29.032258064516128 -233.8709677419355 0.13480501899520414 
29.032258064516128 -217.74193548387098 0.13330725580918765 
29.032258064516128 -201.61290322580646 0.13189725666781257 
29.032258064516128 -185.48387096774195 0.1305738982429088 
29.032258064516128 -169.35483870967744 0.12933605720630695 
29.032258064516128 -153.2258064516129 0.12818261022983696 
29.032258064516128 -137.09677419354838 0.1271128606450308 
29.032258064516128 -120.96774193548387 0.12612556208488465 
29.032258064516128 -104.83870967741936 0.12521777436158735 
29.032258064516128 -88.70967741935485 0.12439002488355878 
29.032258064516128 -72.58064516129033 0.12364185616753615 
29.032258064516128 -56.451612903225794 0.1229713214841229 
29.032258064516128 -40.32258064516128 0.12237653994185325 
29.032258064516128 -24.19354838709677 0.12185772944559213 
29.032258064516128 -8.064516129032256 0.12141457215706948 
29.032258064516128 8.064516129032256 0.12104636742014481 
29.032258064516128 24.19354838709677 0.12075348195464206 
29.032258064516128 40.32258064516128 0.12053664735229719 
29.032258064516128 56.451612903225794 0.120395595653698 
29.032258064516128 72.5806451612903 0.12033067632298365 
29.032258064516128 88.70967741935482 0.1203344668043819 
29.032258064516128 104.83870967741933 0.12040757047246335 
29.032258064516128 120.96774193548384 0.12055535273880413 
29.032258064516128 137.0967741935484 0.12077411063602618 
29.032258064516128 153.22580645161293 0.12106335083386147 
29.032258064516128 169.35483870967744 0.12142475822705294 
29.032258064516128 185.48387096774195 0.12186198822090555 
29.032258064516128 201.61290322580646 0.12237448545026341 
29.032258064516128 217.74193548387098 0.12295638940274034 
29.032258064516128 233.8709677419355 0.12361000422997503 
29.032258064516128 250.0 0.12433633620088888 
35.48387096774192 -250.0 0.13551142489064416 
35.48387096774192 -233.8709677419355 0.13399788709118 
35.48387096774192 -217.74193548387098 0.13256913382928417 
35.48387096774192 -201.61290322580646 0.1312242294821479 
35.48387096774192 -185.48387096774195 0.1299622384269625 
35.48387096774192 -169.35483870967744 0.12878222504091988 
35.48387096774192 -153.2258064516129 0.12768325370121128 
35.48387096774192 -137.09677419354838 0.1266645881174095 
35.48387096774192 -120.96774193548387 0.12572542958144237 
35.48387096774192 -104.83870967741936 0.12486362863253717 
35.48387096774192 -88.70967741935485 0.12407847768653804 
35.48387096774192 -72.58064516129033 0.1233702816851525 
35.48387096774192 -56.451612903225794 0.12273883604370621 
35.48387096774192 -40.32258064516128 0.12218219967136429 
35.48387096774192 -24.19354838709677 0.12169771755697052 
35.48387096774192 -8.064516129032256 0.12128442554528822 
35.48387096774192 8.064516129032256 0.12094323070814318 
35.48387096774192 24.19354838709677 0.12067517456963403 
35.48387096774192 40.32258064516128 0.12047974771717483 
35.48387096774192 56.451612903225794 0.12035562878651031 
35.48387096774192 72.5806451612903 0.12030404052255494 
35.48387096774192 88.70967741935482 0.12032023267399436 
35.48387096774192 104.83870967741933 0.12040420911492546 
35.48387096774192 120.96774193548384 0.12055970613219237 
35.48387096774192 137.0967741935484 0.1207849814247904 
35.48387096774192 153.22580645161293 0.12107925295699437 
35.48387096774192 169.35483870967744 0.12144193760988219 
35.48387096774192 185.48387096774195 0.12187606357981118 
35.48387096774192 201.61290322580646 0.12238317291466769 
35.48387096774192 217.74193548387098 0.12295952472531503 
35.48387096774192 233.8709677419355 0.12360568744402431 
35.48387096774192 250.0 0.12432386382709104 
41.935483870967744 -250.0 0.13610454688732443 
41.935483870967744 -233.8709677419355 0.13469081324756582 
41.935483870967744 -217.74193548387098 0.1333552780573514 
41.935483870967744 -201.61290322580646 0.13209727095724044 
41.935483870967744 -185.48387096774195 0.13091612158779195 
41.935483870967744 -169.35483870967744 0.12981115958956538 
41.935483870967744 -153.2258064516129 0.12878171460311966 
41.935483870967744 -137.09677419354838 0.12782712799955614 
41.935483870967744 -120.96774193548387 0.12694708934352128 
41.935483870967744 -104.83870967741936 0.12614019612597227 
41.935483870967744 -88.70967741935485 0.12540481579315776 
41.935483870967744 -72.58064516129033 0.12474210619228733 
41.935483870967744 -56.451612903225794 0.12415321536218174 
41.935483870967744 -40.32258064516128 0.12363608800897934 
41.935483870967744 -24.19354838709677 0.12318643187192516 
41.935483870967744 -8.064516129032256 0.1228029916076232 
41.935483870967744 8.064516129032256 0.12248821090623307 
41.935483870967744 24.19354838709677 0.12224392321045523 
41.935483870967744 40.32258064516128 0.12206923311624598 
41.935483870967744 56.451612903225794 0.1219625335438471 
41.935483870967744 72.5806451612903 0.12192377999697465 
41.935483870967744 88.70967741935482 0.12195330307770216 
41.935483870967744 104.83870967741933 0.12204999572808584 
41.935483870967744 120.96774193548384 0.12221324199567776 
41.935483870967744 137.0967741935484 0.12244471324715614 
41.935483870967744 153.22580645161293 0.12274385668406512 
41.935483870967744 169.35483870967744 0.12311003226547547 
41.935483870967744 185.48387096774195 0.12354406980439049 
41.935483870967744 201.61290322580646 0.12404764483877073 
41.935483870967744 217.74193548387098 0.12462139647928235 
41.935483870967744 233.8709677419355 0.1252637725557494 
41.935483870967744 250.0 0.12597637625353805 
48.38709677419354 -250.0 0.1385914814011095 
48.38709677419354 -233.8709677419355 0.13724383435620174 
48.38709677419354 -217.74193548387098 0.13597262711449448 
48.38709677419354 -201.61290322580646 0.1347769660191015 
48.38709677419354 -185.48387096774195 0.13365595741313635 
48.38709677419354 -169.35483870967744 0.13260870763971289 
48.38709677419354 -153.2258064516129 0.13163432304194464 
48.38709677419354 -137.09677419354838 0.13073238033508097 
48.38709677419354 -120.96774193548387 0.129901960088755 
48.38709677419354 -104.83870967741936 0.1291399594166186 
48.38709677419354 -88.70967741935485 0.12844697732662483 
48.38709677419354 -72.58064516129033 0.1278231848193288 
48.38709677419354 -56.451612903225794 0.12726806437341712 
48.38709677419354 -40.32258064516128 0.12677986155244433 
48.38709677419354 -24.19354838709677 0.1263558794648622 
48.38709677419354 -8.064516129032256 0.12599603863716058 
48.38709677419354 8.064516129032256 0.12570134719578277 
48.38709677419354 24.19354838709677 0.1254728008038693 
48.38709677419354 40.32258064516128 0.1253114089985962 
48.38709677419354 56.451612903225794 0.12521784519377457 
48.38709677419354 72.5806451612903 0.12519038139027094 
48.38709677419354 88.70967741935482 0.12522906008740992 
48.38709677419354 104.83870967741933 0.1253319330407341 
48.38709677419354 120.96774193548384 0.12549789697426217 
48.38709677419354 137.0967741935484 0.1257302439265803 
48.38709677419354 153.22580645161293 0.12602742479350418 
48.38709677419354 169.35483870967744 0.1263926276631523 
48.38709677419354 185.48387096774195 0.12682573680377915 
48.38709677419354 201.61290322580646 0.1273260089905648 
48.38709677419354 217.74193548387098 0.12789663807329263 
48.38709677419354 233.8709677419355 0.12853393594025256 
48.38709677419354 250.0 0.1292382600532667 
54.83870967741933 -250.0 0.1429128145271055 
54.83870967741933 -233.8709677419355 0.14161595598232166 
54.83870967741933 -217.74193548387098 0.14039323803826415 
54.83870967741933 -201.61290322580646 0.13924366640965052 
54.83870967741933 -185.48387096774195 0.138166246811198 
54.83870967741933 -169.35483870967744 0.1371599849576242 
54.83870967741933 -153.2258064516129 0.13622388656364637 
54.83870967741933 -137.09677419354838 0.1353576373519763 
54.83870967741933 -120.96774193548387 0.13455992364981564 
54.83870967741933 -104.83870967741936 0.13382708708954874 
54.83870967741933 -88.70967741935485 0.13316107488109222 
54.83870967741933 -72.58064516129033 0.1325610373980766 
54.83870967741933 -56.451612903225794 0.13202505774576545 
54.83870967741933 -40.32258064516128 0.1315519063781957 
54.83870967741933 -24.19354838709677 0.1311409260748828 
54.83870967741933 -8.064516129032256 0.130793073872618 
54.83870967741933 8.064516129032256 0.1305076550912076 
54.83870967741933 24.19354838709677 0.13028519124988058 
54.83870967741933 40.32258064516128 0.13012841288999943 
54.83870967741933 56.451612903225794 0.13003886478771076 
54.83870967741933 72.5806451612903 0.13001469033143537 
54.83870967741933 88.70967741935482 0.13005448389580013 
54.83870967741933 104.83870967741933 0.13015722175681557 
54.83870967741933 120.96774193548384 0.1303227807910757 
54.83870967741933 137.0967741935484 0.13055232104346784 
54.83870967741933 153.22580645161293 0.1308458525408435 
54.83870967741933 169.35483870967744 0.1312073550594497 
54.83870967741933 185.48387096774195 0.13163672766888837 
54.83870967741933 201.61290322580646 0.132133621908309 
54.83870967741933 217.74193548387098 0.1327015482280871 
54.83870967741933 233.8709677419355 0.1333349563413499 
54.83870967741933 250.0 0.1340348149938052 
61.29032258064515 -250.0 0.14900972408842333 
61.29032258064515 -233.8709677419355 0.14776050736884228 
61.29032258064515 -217.74193548387098 0.14657853383441058 
61.29032258064515 -201.61290322580646 0.1454633310075535 
61.29032258064515 -185.48387096774195 0.14441442641069638 
61.29032258064515 -169.35483870967744 0.14343134756626463 
61.29032258064515 -153.2258064516129 0.14251362199668333 
61.29032258064515 -137.09677419354838 0.1416606562100234 
61.29032258064515 -120.96774193548387 0.1408720523462071 
61.29032258064515 -104.83870967741936 0.1401477786455085 
61.29032258064515 -88.70967741935485 0.1394867892840906 
61.29032258064515 -72.58064516129033 0.13888866916872006 
61.29032258064515 -56.451612903225794 0.13835321896815708 
61.29032258064515 -40.32258064516128 0.13787982374758484 
61.29032258064515 -24.19354838709677 0.1374676857468677 
61.29032258064515 -8.064516129032256 0.1371172467152636 
61.29032258064515 8.064516129032256 0.13682811080567928 
61.29032258064515 24.19354838709677 0.13660235290452719 
61.29032258064515 40.32258064516128 0.13644194915189387 
61.29032258064515 56.451612903225794 0.13634424236026543 
61.29032258064515 72.5806451612903 0.136310958950211 
61.29032258064515 88.70967741935482 0.13634123334400533 
61.29032258064515 104.83870967741933 0.1364382252903821 
61.29032258064515 120.96774193548384 0.1366027444047258 
61.29032258064515 137.0967741935484 0.1368278759697757 
61.29032258064515 153.22580645161293 0.13712107920171995 
61.29032258064515 169.35483870967744 0.13747760406145795 
61.29032258064515 185.48387096774195 0.13789837338390484 
61.29032258064515 201.61290322580646 0.1383914058120314 
61.29032258064515 217.74193548387098 0.13895754915749395 
61.29032258064515 233.8709677419355 0.13958992606446838 
61.29032258064515 250.0 0.14029458427312685 
67.74193548387095 -250.0 0.15716271839948953 
67.74193548387095 -233.8709677419355 0.15587058803330694 
67.74193548387095 -217.74193548387098 0.15464830522217707 
67.74193548387095 -201.61290322580646 0.1534954279158433 
67.74193548387095 -185.48387096774195 0.15241151406404949 
67.74193548387095 -169.35483870967744 0.15139612161653815 
67.74193548387095 -153.2258064516129 0.1504488085230528 
67.74193548387095 -137.09677419354838 0.14956843566750755 
67.74193548387095 -120.96774193548387 0.14875467677371565 
67.74193548387095 -104.83870967741936 0.1480102181745904 
67.74193548387095 -88.70967741935485 0.147332163302046 
67.74193548387095 -72.58064516129033 0.14671861554098667 
67.74193548387095 -56.451612903225794 0.1461698526817919 
67.74193548387095 -40.32258064516128 0.14568669349823965 
67.74193548387095 -24.19354838709677 0.1452678999523643 
67.74193548387095 -8.064516129032256 0.1449137099102169 
67.74193548387095 8.064516129032256 0.14462128582162764 
67.74193548387095 24.19354838709677 0.14439299622408602 
67.74193548387095 40.32258064516128 0.14422932931524543 
67.74193548387095 56.451612903225794 0.14412092982866437 
67.74193548387095 72.5806451612903 0.1440801211944364 
67.74193548387095 88.70967741935482 0.14409581175107244 
67.74193548387095 104.83870967741933 0.14417957865397057 
67.74193548387095 120.96774193548384 0.14434414359562972 
67.74193548387095 137.0967741935484 0.14456384949768758 
67.74193548387095 153.22580645161293 0.14485580244347257 
67.74193548387095 169.35483870967744 0.1451996172222751 
67.74193548387095 185.48387096774195 0.14560289664041492 
67.74193548387095 201.61290322580646 0.14608953033707128 
67.74193548387095 217.74193548387098 0.146649087550441 
67.74193548387095 233.8709677419355 0.1472740195907376 
67.74193548387095 250.0 0.14798235038167637 
74.19354838709677 -250.0 0.16737184509238617 
74.19354838709677 -233.8709677419355 0.16594238845977466 
74.19354838709677 -217.74193548387098 0.16459371282867297 
74.19354838709677 -201.61290322580646 0.16332515755834282 
74.19354838709677 -185.48387096774195 0.1621360620080462 
74.19354838709677 -169.35483870967744 0.16102576553704162 
74.19354838709677 -153.2258064516129 0.15999360750459124 
74.19354838709677 -137.09677419354838 0.15903743699090356 
74.19354838709677 -120.96774193548387 0.15815673038340383 
74.19354838709677 -104.83870967741936 0.15735772287980954 
74.19354838709677 -88.70967741935485 0.15663478533570896 
74.19354838709677 -72.58064516129033 0.155983333312867 
74.19354838709677 -56.451612903225794 0.15540456883004233 
74.19354838709677 -40.32258064516128 0.15490156754450257 
74.19354838709677 -24.19354838709677 0.15447047610837178 
74.19354838709677 -8.064516129032256 0.15411075670983937 
74.19354838709677 8.064516129032256 0.15381553000650072 
74.19354838709677 24.19354838709677 0.15358706992573262 
74.19354838709677 40.32258064516128 0.15342201487090817 
74.19354838709677 56.451612903225794 0.1532991717239785 
74.19354838709677 72.5806451612903 0.15325079232201583 
74.19354838709677 88.70967741935482 0.15324539632759332 
74.19354838709677 104.83870967741933 0.1533086159452987 
74.19354838709677 120.96774193548384 0.15347654671965655 
74.19354838709677 137.0967741935484 0.15369153863790141 
74.19354838709677 153.22580645161293 0.15398474787895367 
74.19354838709677 169.35483870967744 0.15430825537228482 
74.19354838709677 185.48387096774195 0.15468277744526737 
74.19354838709677 201.61290322580646 0.1551598020643199 
74.19354838709677 217.74193548387098 0.1557074798319612 
74.19354838709677 233.8709677419355 0.15631848909509527 
74.19354838709677 250.0 0.15703228404359415 
80.64516129032256 -250.0 0.17970951661438983 
80.64516129032256 -233.8709677419355 0.17802289375060643 
80.64516129032256 -217.74193548387098 0.17643908492337712 
80.64516129032256 -201.61290322580646 0.17495685410760586 
80.64516129032256 -185.48387096774195 0.1735749652781975 
80.64516129032256 -169.35483870967744 0.17229218241004884 
80.64516129032256 -153.2258064516129 0.17110726947806498 
80.64516129032256 -137.09677419354838 0.17001648082692078 
80.64516129032256 -120.96774193548387 0.1690186971841594 
80.64516129032256 -104.83870967741936 0.1681245093411805 
80.64516129032256 -88.70967741935485 0.1673245878802163 
80.64516129032256 -72.58064516129033 0.16661011040325946 
80.64516129032256 -56.451612903225794 0.16598377725742686 
80.64516129032256 -40.32258064516128 0.16545193548803605 
80.64516129032256 -24.19354838709677 0.16500503548838652 
80.64516129032256 -8.064516129032256 0.16464101777869167 
80.64516129032256 8.064516129032256 0.16434698289924676 
80.64516129032256 24.19354838709677 0.16412451969592368 
80.64516129032256 40.32258064516128 0.1639632965420892 
80.64516129032256 56.451612903225794 0.16382384672886374 
80.64516129032256 72.5806451612903 0.16377025381065335 
80.64516129032256 88.70967741935482 0.16373764106352973 
80.64516129032256 104.83870967741933 0.16377262646813395 
80.64516129032256 120.96774193548384 0.1639493459982322 
80.64516129032256 137.0967741935484 0.16416177006602073 
80.64516129032256 153.22580645161293 0.16446019107194976 
80.64516129032256 169.35483870967744 0.1647542283075445 
80.64516129032256 185.48387096774195 0.16508592169160952 
80.64516129032256 201.61290322580646 0.165549097289861 
80.64516129032256 217.74193548387098 0.16607776111501682 
80.64516129032256 233.8709677419355 0.16666592802199787 
80.64516129032256 250.0 0.16738646078127306 
87.09677419354838 -250.0 0.19424814541277713 
87.09677419354838 -233.8709677419355 0.19215908900816325 
87.09677419354838 -217.74193548387098 0.19020874977576807 
87.09677419354838 -201.61290322580646 0.18839485173618664 
87.09677419354838 -185.48387096774195 0.1867151189100138 
87.09677419354838 -169.35483870967744 0.18516727531783306 
87.09677419354838 -153.2258064516129 0.18374904498024058 
87.09677419354838 -137.09677419354838 0.18245438782226797 
87.09677419354838 -120.96774193548387 0.18128106118487008 
87.09677419354838 -104.83870967741936 0.18024479413871775 
87.09677419354838 -88.70967741935485 0.17933150343070525 
87.09677419354838 -72.58064516129033 0.17852623473106277 
87.09677419354838 -56.451612903225794 0.17783388780846376 
87.09677419354838 -40.32258064516128 0.17726528693050225 
87.09677419354838 -24.19354838709677 0.17680119936590488 
87.09677419354838 -8.064516129032256 0.1764371237813347 
87.09677419354838 8.064516129032256 0.17615178403881515 
87.09677419354838 24.19354838709677 0.1759452912211168 
87.09677419354838 40.32258064516128 0.17579646505199542 
87.09677419354838 56.451612903225794 0.17563983352597634 
87.09677419354838 72.5806451612903 0.17558578713805306 
87.09677419354838 88.70967741935482 0.17552019994884405 
87.09677419354838 104.83870967741933 0.17551889952624333 
87.09677419354838 120.96774193548384 0.17571193365278281 
87.09677419354838 137.0967741935484 0.17592537045764933 
87.09677419354838 153.22580645161293 0.17623440758624764 
87.09677419354838 169.35483870967744 0.17648824582411127 
87.09677419354838 185.48387096774195 0.176760235272589 
87.09677419354838 201.61290322580646 0.17720429230977852 
87.09677419354838 217.74193548387098 0.17770496651256984 
87.09677419354838 233.8709677419355 0.17825892981590163 
87.09677419354838 250.0 0.17898695611710536 
93.54838709677418 -250.0 0.21106014393482586 
93.54838709677418 -233.8709677419355 0.20839795933480776 
93.54838709677418 -217.74193548387098 0.20592703565532533 
93.54838709677418 -201.61290322580646 0.20364348461663973 
93.54838709677418 -185.48387096774195 0.2015434179390072 
93.54838709677418 -169.35483870967744 0.19962294734266917 
93.54838709677418 -153.2258064516129 0.19787818454788497 
93.54838709677418 -137.09677419354838 0.19629997862365567 
93.54838709677418 -120.96774193548387 0.19488430639442433 
93.54838709677418 -104.83870967741936 0.19365279385243706 
93.54838709677418 -88.70967741935485 0.19258546448231328 
93.54838709677418 -72.58064516129033 0.19165899421517563 
93.54838709677418 -56.451612903225794 0.19088131032767275 
93.54838709677418 -40.32258064516128 0.1902691114735644 
93.54838709677418 -24.19354838709677 0.1897885890144244 
93.54838709677418 -8.064516129032256 0.18943170538232978 
93.54838709677418 8.064516129032256 0.18916607296415422 
93.54838709677418 24.19354838709677 0.18898933018776942 
93.54838709677418 40.32258064516128 0.18886481112383469 
93.54838709677418 56.451612903225794 0.18869201079797304 
93.54838709677418 72.5806451612903 0.1886446737819203 
93.54838709677418 88.70967741935482 0.18854072697349888 
93.54838709677418 104.83870967741933 0.18849472442339454 
93.54838709677418 120.96774193548384 0.1887137019047347 
93.54838709677418 137.0967741935484 0.18893316648839154 
93.54838709677418 153.22580645161293 0.18925967298563462 
93.54838709677418 169.35483870967744 0.18946101771804336 
93.54838709677418 185.48387096774195 0.18965362408135378 
93.54838709677418 201.61290322580646 0.19007226342015615 
93.54838709677418 217.74193548387098 0.19053413113758344 
93.54838709677418 233.8709677419355 0.19104008792126392 
93.54838709677418 250.0 0.1917758455734846 
100.0 -250.0 0.2302179246278122 
100.0 -233.8709677419355 0.22678648983289929 
100.0 -217.74193548387098 0.22361827083152752 
100.0 -201.61290322580646 0.22070708692151753 
100.0 -185.48387096774195 0.21804675740068857 
100.0 -169.35483870967744 0.2156311015668293 
100.0 -153.2258064516129 0.2134539387177643 
100.0 -137.09677419354838 0.21150207387779218 
100.0 -120.96774193548387 0.20976891682170962 
100.0 -104.83870967741936 0.20828272506235201 
100.0 -88.70967741935485 0.2070164035301767 
100.0 -72.58064516129033 0.20593567677449576 
100.0 -56.451612903225794 0.20505245465957156 
100.0 -40.32258064516128 0.20439089871888427 
100.0 -24.19354838709677 0.2038968257074396 
100.0 -8.064516129032256 0.20355739324623734 
100.0 8.064516129032256 0.20332598921421274 
100.0 24.19354838709677 0.2031965822823376 
100.0 40.32258064516128 0.20311162548081363 
100.0 56.451612903225794 0.20292525722750954 
100.0 72.5806451612903 0.20289419521995766 
100.0 88.70967741935482 0.20274687612745534 
100.0 104.83870967741933 0.20264739046335434 
100.0 120.96774193548384 0.20290404297551357 
100.0 137.0967741935484 0.2031359848338501 
100.0 153.22580645161293 0.20348826283389654 
100.0 169.35483870967744 0.20362325378539747 
100.0 185.48387096774195 0.20371399401105172 
100.0 201.61290322580646 0.2040998869170778 
100.0 217.74193548387098 0.2045102901030189 
100.0 233.8709677419355 0.2049519957825403 
100.0 250.0 0.20569520467280267 
