# x (au) y (au) V_es (au) npoints = 12 20 q1_range = -50.0 60.0 q2_range = -140.0 240.0 
-50.0 -140.0 0.14825367000003098 
-50.0 -120.0 0.14579674000015075 
-50.0 -100.0 0.14350956000021142 
-50.0 -80.0 0.14139338000018142 
-50.0 -60.0 0.1394495800000186 
-50.0 -40.0 0.13768015000005107 
-50.0 -20.0 0.13608575000012024 
-50.0 0.0 0.13466894000021057 
-50.0 20.0 0.13343229000020074 
-50.0 40.0 0.13237714000001688 
-50.0 60.0 0.13150556000005054 
-50.0 80.0 0.1308168600000954 
-50.0 100.0 0.1303122000001622 
-50.0 120.0 0.12999476000004506 
-50.0 140.0 0.12986753000018325 
-50.0 160.0 0.12993675000006988 
-50.0 180.0 0.13020618000018658 
-50.0 200.0 0.1306763800000681 
-50.0 220.0 0.13135302000000593 
-50.0 240.0 0.13223828000013782 
-40.0 -140.0 0.1428782200000569 
-40.0 -120.0 0.14070141000001968 
-40.0 -100.0 0.13869920000001912 
-40.0 -80.0 0.13687244000016108 
-40.0 -60.0 0.13522149000004902 
-40.0 -40.0 0.13374849000001632 
-40.0 -20.0 0.13245476000020062 
-40.0 0.0 0.13134315000002061 
-40.0 20.0 0.13041644000009 
-40.0 40.0 0.129675810000208 
-40.0 60.0 0.1291227900001104 
-40.0 80.0 0.12875595000014073 
-40.0 100.0 0.12857731000008243 
-40.0 120.0 0.12858957000003102 
-40.0 140.0 0.12879497000017182 
-40.0 160.0 0.12920014000019364 
-40.0 180.0 0.1298084300001392 
-40.0 200.0 0.1306204700001672 
-40.0 220.0 0.13164210000013554 
-40.0 240.0 0.1328765600001134 
-30.0 -140.0 0.13863025000000562 
-30.0 -120.0 0.13675187000012556 
-30.0 -100.0 0.13505003000000215 
-30.0 -80.0 0.13352694000013798 
-30.0 -60.0 0.1321834900002159 
-30.0 -40.0 0.1310207100000298 
-30.0 -20.0 0.13004071000000295 
-30.0 0.0 0.1292458400000669 
-30.0 20.0 0.12863900000002104 
-30.0 40.0 0.12822045000007165 
-30.0 60.0 0.12799050000012357 
-30.0 80.0 0.12794995000012932 
-30.0 100.0 0.12809959000014715 
-30.0 120.0 0.12844366000012997 
-30.0 140.0 0.12898120000022573 
-30.0 160.0 0.1297210200000336 
-30.0 180.0 0.1306679100000565 
-30.0 200.0 0.13181855000016185 
-30.0 220.0 0.13318328000013935 
-30.0 240.0 0.13476469000011093 
-20.0 -140.0 0.1356612900001437 
-20.0 -120.0 0.13408655000012004 
-20.0 -100.0 0.13268941000001178 
-20.0 -80.0 0.13147270000013123 
-20.0 -60.0 0.1304374100000132 
-20.0 -40.0 0.12958376000005956 
-20.0 -20.0 0.12891308000007484 
-20.0 0.0 0.12842787000022327 
-20.0 20.0 0.12813052000001335 
-20.0 40.0 0.12802247000013267 
-20.0 60.0 0.12810220000005756 
-20.0 80.0 0.12837095000008958 
-20.0 100.0 0.12883065000005445 
-20.0 120.0 0.12948340000002645 
-20.0 140.0 0.13033228000017516 
-20.0 160.0 0.1313821400001416 
-20.0 180.0 0.13263862000007975 
-20.0 200.0 0.1341004000000794 
-20.0 220.0 0.1357750600000145 
-20.0 240.0 0.13766655000017636 
-10.0 -140.0 0.13398122000012336 
-10.0 -120.0 0.13268924000021798 
-10.0 -100.0 0.13157270000010612 
-10.0 -80.0 0.13063426000007894 
-10.0 -60.0 0.1298751300000731 
-10.0 -40.0 0.12929523000002519 
-10.0 -20.0 0.1288950300001943 
-10.0 0.0 0.1286765900001683 
-10.0 20.0 0.12864162000005308 
-10.0 40.0 0.1287901100001818 
-10.0 60.0 0.12912219000008918 
-10.0 80.0 0.1296391800001402 
-10.0 100.0 0.13033760000007533 
-10.0 120.0 0.13122326000006979 
-10.0 140.0 0.1322970900000655 
-10.0 160.0 0.13356426000018473 
-10.0 180.0 0.13502879000020584 
-10.0 200.0 0.13668614000016532 
-10.0 220.0 0.13854401000003236 
-10.0 240.0 0.14060547000008228 
-0.0 -140.0 0.13321554000003744 
-0.0 -120.0 0.13213345000008303 
-0.0 -100.0 0.13121723000017482 
-0.0 -80.0 0.13046864000011738 
-0.0 -60.0 0.12988800000016454 
-0.0 -40.0 0.12947341000017332 
-0.0 -20.0 0.12922409000020707 
-0.0 0.0 0.12913962000016 
-0.0 20.0 0.12922031000016432 
-0.0 40.0 0.1294656400000349 
-0.0 60.0 0.1298693800001729 
-0.0 80.0 0.1304283800000121 
-0.0 100.0 0.13114087000008112 
-0.0 120.0 0.1320015000001149 
-0.0 140.0 0.13300468000011278 
-0.0 160.0 0.13414677000014308 
-0.0 180.0 0.13542443000005733 
-0.0 200.0 0.13681936000011774 
-0.0 220.0 0.13832246000015402 
-0.0 240.0 0.13992133000010654 
10.0 -140.0 0.1322945400002027 
10.0 -120.0 0.13124127000014596 
10.0 -100.0 0.13031871000021056 
10.0 -80.0 0.1295384700001705 
10.0 -60.0 0.12889294000001428 
10.0 -40.0 0.12837731000013264 
10.0 -20.0 0.12798479000002771 
10.0 0.0 0.12771639000015966 
10.0 20.0 0.12756688000013128 
10.0 40.0 0.12753280000015366 
10.0 60.0 0.12760903000003054 
10.0 80.0 0.12779129000000466 
10.0 100.0 0.1280770500000017 
10.0 120.0 0.12846466000019063 
10.0 140.0 0.1289531300001272 
10.0 160.0 0.1295407500001602 
10.0 180.0 0.1302358500001901 
10.0 200.0 0.13103031000014198 
10.0 220.0 0.1319314800000484 
10.0 240.0 0.13293901000020014 
20.0 -140.0 0.12973449000014625 
20.0 -120.0 0.128518460000123 
20.0 -100.0 0.12742375000016182 
20.0 -80.0 0.12645083000006707 
20.0 -60.0 0.12559993000013492 
20.0 -40.0 0.12486668000019563 
20.0 -20.0 0.1242501000001539 
20.0 0.0 0.12374968000017361 
20.0 20.0 0.12336739000011221 
20.0 40.0 0.12310404000004382 
20.0 60.0 0.122956300000169 
20.0 80.0 0.12291921000019101 
20.0 100.0 0.12299505000009958 
20.0 120.0 0.12318085000015344 
20.0 140.0 0.12347364000015659 
20.0 160.0 0.12387782000018888 
20.0 180.0 0.1243974200001503 
20.0 200.0 0.12502997000001415 
20.0 220.0 0.12577524000016638 
20.0 240.0 0.1266388100000313 
30.0 -140.0 0.1271371000000272 
30.0 -120.0 0.12591370000018287 
30.0 -100.0 0.12481241000000409 
30.0 -80.0 0.1238339700000779 
30.0 -60.0 0.12297629000022425 
30.0 -40.0 0.12223553000012544 
30.0 -20.0 0.12161097000011978 
30.0 0.0 0.121101870000075 
30.0 20.0 0.1207074400001602 
30.0 40.0 0.1204290000000583 
30.0 60.0 0.12026645000014469 
30.0 80.0 0.12021843000002264 
30.0 100.0 0.12027321000005031 
30.0 120.0 0.12044095000010202 
30.0 140.0 0.12071821000017735 
30.0 160.0 0.1211035300000276 
30.0 180.0 0.12160104000008687 
30.0 200.0 0.1222153400001389 
30.0 220.0 0.12293717000011384 
30.0 240.0 0.12376936000009664 
40.0 -140.0 0.12746617000016158 
40.0 -120.0 0.12634783000021343 
40.0 -100.0 0.12534391000008327 
40.0 -80.0 0.12445208000008279 
40.0 -60.0 0.12367516000017531 
40.0 -40.0 0.12301132000015969 
40.0 -20.0 0.12245336000000862 
40.0 0.0 0.1219997200000762 
40.0 20.0 0.121655120000014 
40.0 40.0 0.12141946000019743 
40.0 60.0 0.12128951000022425 
40.0 80.0 0.1212656100001368 
40.0 100.0 0.1213462600001094 
40.0 120.0 0.1215312100000574 
40.0 140.0 0.12182169000016074 
40.0 160.0 0.1222168500000862 
40.0 180.0 0.1227155600001879 
40.0 200.0 0.1233219900000222 
40.0 220.0 0.12403615000016543 
40.0 240.0 0.12485634000017853 
50.0 -140.0 0.13188364000006914 
50.0 -120.0 0.1308614000001853 
50.0 -100.0 0.12994285000013406 
50.0 -80.0 0.12912980000010066 
50.0 -60.0 0.12842107000005853 
50.0 -40.0 0.12781401000006554 
50.0 -20.0 0.12730497000006835 
50.0 0.0 0.12689438000006703 
50.0 20.0 0.12658322000015687 
50.0 40.0 0.12637390000008963 
50.0 60.0 0.1262686400000348 
50.0 80.0 0.1262644400001136 
50.0 100.0 0.12636004000000867 
50.0 120.0 0.1265517300000738 
50.0 140.0 0.12684402000013506 
50.0 160.0 0.12723608000010245 
50.0 180.0 0.1277342100001988 
50.0 200.0 0.12833489000013287 
50.0 220.0 0.12904307000007975 
50.0 240.0 0.12985185000002275 
60.0 -140.0 0.14041963000022406 
60.0 -120.0 0.13943787000016528 
60.0 -100.0 0.13855451000017638 
60.0 -80.0 0.13776827000015146 
60.0 -60.0 0.1370788200001698 
60.0 -40.0 0.13648496000018895 
60.0 -20.0 0.1359851400000025 
60.0 0.0 0.13557991000016045 
60.0 20.0 0.13527016000011827 
60.0 40.0 0.13506067000002986 
60.0 60.0 0.1349493700001858 
60.0 80.0 0.1349368300000151 
60.0 100.0 0.13502429000004668 
60.0 120.0 0.13521424000009574 
60.0 140.0 0.135499770000024 
60.0 160.0 0.13588858000002801 
60.0 180.0 0.13637554000001728 
60.0 200.0 0.13696838000009848 
60.0 220.0 0.1376729600001454 
60.0 240.0 0.13847773000020425 
