0.0    -38.67491882455496    105.81198063459946    3.858465496343016 1.4136360053386097 0.018179918934775906
0.30239833154144274    -38.667115095919016    105.81188644456299    3.8584523335517518 1.4136286292085574 0.018179524905873684
0.6047966630828855    -38.643721416969164    105.81163582709962    3.858412864556998 1.413606505222212 0.01817834305305314
0.9071949946243281    -38.60478344526082    105.81122305301926    3.8583470896354837 1.4135696336121635 0.018176373427642487
1.209593326165771    -38.55037036016948    105.81063856368915    3.8582550092430012 1.4135180147647184 0.01817361611507822
1.5119916577072137    -38.480581441356456    105.80986897620707    3.8581366240146036 1.413451649220045 0.01817007123495701
1.8143899892486561    -38.395545852785865    105.80889710161772    3.8579919347644958 1.4133705376721164 0.0181657389410222
2.116788320790099    -38.29541740854505    105.80770198075302    3.857820942486232 1.4132746809687793 0.018160619421108717
2.419186652331542    -38.18037709977139    105.80625893848797    3.857623648352615 1.4131640801116685 0.01815471289717561
2.721584983872984    -38.05063393496364    105.8045396536618    3.85740005371561 1.413038736256169 0.01814801962526608
3.0239833154144273    -37.90642015012421    105.80251223939113    3.857150160106338 1.4128986507114747 0.018140539895561626
3.3263816469558702    -37.74799159953204    105.80014132853559    3.8568739692349836 1.4127438249405087 0.01813227403228268
3.6287799784973123    -37.57562916377481    105.79738816160861    3.856571482990771 1.4125742605599743 0.018123222393718733
3.9311783100387556    -37.38963485092098    105.79421067734052    3.8562427034419984 1.4123899593401823 0.01811338537222675
4.233576641580198    -37.19033058217133    105.79056360816426    3.8558876328359823 1.4121909232051981 0.018102763394184263
4.5359749731216406    -36.978059420868306    105.78639858385641    3.855506273599191 1.4119771542328048 0.018091356919978686
4.838373304663084    -36.75318274002802    105.7816642459817    3.855098628337135 1.4117486546543971 0.018079166443997725
5.140771636204526    -36.51607809837167    105.7763063739509    3.854664699834329 1.4115054268550231 0.018066192494597053
5.443169967745968    -36.26713974188985    105.77026802170178    3.854204491054499 1.4112474733733775 0.018052435634080186
5.745568299287412    -36.006776717276736    105.7634896629436    3.8537180051404163 1.41097479690178 0.018037896458694094
6.047966630828855    -35.73541077310778    105.75590934282489    3.8532052454139856 1.4106874002861316 0.018022575598570796
6.350364962370297    -35.45347594625816    105.74746283450742    3.852666215376204 1.4103852865258715 0.018006473717712825
6.6527632939117405    -35.16141691653555    105.73808379970485    3.8521009187072286 1.4100684587740075 0.017989591513975202
6.955161625453182    -34.8596878829358    105.72770395265982    3.8515093592662972 1.4097369203370191 0.01797192971903928
7.2575599569946245    -34.54875214777656    105.71625322791215    3.850891541091657 1.4093906746749065 0.017953489098333955
7.559958288536068    -34.229079339975634    105.7036599524198    3.8502474684006427 1.40902972540107 0.017934270451080935
7.862356620077511    -33.90114399203195    105.68985102189956    3.8495771455897487 1.4086540762823818 0.017914274610197053
8.164754951618955    -33.5654265718922    105.67475208067408    3.8488805772344103 1.4082637312390416 0.017893502442282702
8.467153283160396    -33.22241123224521    105.65828770436362    3.848157768089153 1.4078586943445663 0.017871954847564007
8.769551614701838    -32.87258307844309    105.64038158477874    3.847408723087259 1.4074389698257541 0.01784963275990166
9.071949946243281    -32.5164292777978    105.62095671652013    3.8466334473408152 1.4070045620626233 0.017826537146677226
9.374348277784724    -32.154438044329176    105.5999355849605    3.8458319461404935 1.4065554755882657 0.01780266900881029
9.676746609326168    -31.787095119654694    105.57724035532534    3.8450042249557757 1.4060917150889778 0.0177780293806983
9.979144940867611    -31.414883869273158    105.552793062739    3.844150289434506 1.4056132854040095 0.017752619330171377
10.281543272409053    -31.038285314847656    105.52651580326405    3.843270145402882 1.4051201915256053 0.017726439958411257
10.583941603950494    -30.657774969080695    105.49833092554759    3.8423637988651502 1.4046124385987997 0.017699492399969294
10.886339935491936    -30.27382186168922    105.46816122264237    3.8414312560037147 1.4040900319214848 0.017671777822660033
11.188738267033381    -29.88688865693204    105.43593012396687    3.8404725231788155 1.4035529769442214 0.017643297427525198
11.491136598574824    -29.49742905124154    105.40156188720904    3.839487606928577 1.4030012792702733 0.017614052448790826
11.793534930116266    -29.105886530952105    105.36498178934659    3.838476513968732 1.402434944655445 0.017584044153812678
12.09593326165771    -28.712694606184765    105.32611631601567    3.8374392511927575 1.4018539790080917 0.017553273842993176
12.398331593199151    -28.318274258333194    105.28489334849822    3.836375825671713 1.4012583883889866 0.017521742849764994
12.700729924740594    -27.92303198947905    105.24124234720999    3.835286244654351 1.400648179011383 0.017489452540526168
13.003128256282038    -27.527360538677716    105.19509453026949    3.8341705155667922 1.4000233572408245 0.017456404314545225
13.305526587823481    -27.13163774729963    105.1463830457901    3.8330286460127128 1.3993839295951012 0.01742259960395686
13.607924919364924    -26.73622463466018    105.09504313655653    3.831860643773428 1.398729902744241 0.017388039873637667
13.910323250906364    -26.341465847799974    105.04101229580206    3.830666516807924 1.3980612835105286 0.017352726621203834
14.212721582447807    -25.94768951263605    104.98423041243844    3.829446273252637 1.3973780788682626 0.01731666137691887
14.515119913989249    -25.555206075023758    104.9246399037449    3.82819992142147 1.3966802959438651 0.017279845703611272
14.817518245530692    -25.164309036185063    104.8621858341684    3.8269274698057205 1.3959679420156443 0.01724228119662541
15.119916577072136    -24.775275883784094    104.79681601979784    3.8256289270739456 1.3952410245137798 0.017203969483770176
15.42231490861358    -24.38836806227198    104.72848111829876    3.8243043020721723 1.3944995510203035 0.017164912225214338
15.724713240155022    -24.00383210303875    104.6571347044899    3.8229536038238896 1.3937435292690368 0.01712511111345267
16.027111571696462    -23.62190101274057    104.58273333245181    3.8215768415304474 1.392972967145594 0.017084567873183285
16.32950990323791    -23.24279477749816    104.50523658489608    3.8201740245708478 1.3921878726872485 0.01704328426130549
16.631908234779353    -22.866721800981626    104.42460710994592    3.818745162501589 1.3913882540828602 0.01700126206678467
16.934306566320792    -22.493880948851732    104.34081064564701    3.8172902650567195 1.3905741196728185 0.016958503110582158
17.236704897862236    -22.124462779342533    104.25381603302492    3.8158093421476025 1.389745477948943 0.0169150092456223
17.539103229403675    -21.75865100705853    104.16359521871001    3.8143024038629814 1.3889023375543632 0.016870782356631885
17.84150156094512    -21.396624397407948    104.07012324803704    3.812769460468921 1.3880447072834996 0.01682582436014578
18.143899892486562    -21.038558182020804    103.97337824935224    3.811210522408567 1.3871725960817773 0.016780137204350374
18.446298224028006    -20.684625523304938    103.87334141083366    3.8096256003023106 1.3862860130458774 0.016733722869079353
18.74869655556945    -20.334999060950132    103.76999695200499    3.8080147049479627 1.3853849674233478 0.016686583365628782
19.05109488711089    -19.989851963969357    103.66333209163462    3.8063778473207743 1.384469468612817 0.016638720736764857
19.353493218652336    -19.649358978937983    103.5533370121894    3.80471503857369 1.3835395261637968 0.016590137056578552
19.655891550193775    -19.31369745041096    103.44000482085235    3.8030262900370104 1.382595149776639 0.016540834430425713
19.958289881735222    -18.983047935493715    103.32333150790349    3.8013116132180276 1.3816363493022719 0.01649081499481941
20.260688213276666    -18.657594895773364    103.20331590312011    3.7995710198008648 1.3806631347421094 0.01644008091736166
20.563086544818105    -18.33752726630953    103.07995963010072    3.7978045216460283 1.3796755162478853 0.01638863439657787
20.865484876359545    -18.023038549281242    102.95326705821226    3.796012130790266 1.3786735041214917 0.016336477661901314
21.16788320790099    -17.714327024243808    102.82324525204606    3.7941938594467692 1.3776571088150562 0.016283612973516323
21.470281539442432    -17.411595807375786    102.68990391848844    3.7923497200054066 1.3766263409307238 0.016230042622316414
21.772679870983872    -17.115052382237696    102.55325535137483    3.7904797250329563 1.3755812112207308 0.016175768929757525
22.07507820252532    -16.82490840204196    102.4133143734515    3.7885838872729796 1.3745217305872983 0.016120794247828085
22.377476534066762    -16.54137954239778    102.27009827561503    3.7866622196457342 1.3734479100824633 0.016065120958867102
22.679874865608202    -16.264684804796953    102.1236267537558    3.784714735247868 1.3723597609078877 0.016008751475513464
22.98227319714965    -15.995046024372472    101.97392184291624    3.7827414473523278 1.371257294414877 0.015951688240558492
23.284671528691092    -15.73268745390812    101.8210078478288    3.780742369408433 1.3701405221041396 0.015893933726890668
23.587069860232532    -15.477834880279367    101.66491126939911    3.7787175150418 1.3690094556257109 0.01583549043734078
23.88946819177397    -15.230715145266375    101.50566072740571    3.7766668980540743 1.3678641067788941 0.01577636090460478
24.19186652331542    -14.991555764844136    101.34328687982011    3.774590532423066 1.3667044875120953 0.01571654769112717
24.494264854856862    -14.760583766188681    101.17782233911684    3.772488432302551 1.3655306099226217 0.015656053388970793
24.796663186398302    -14.538024948039276    101.00930158601902    3.7703606120221966 1.3643424862567275 0.015594880619738655
25.09906151793975    -14.324103576676583    100.837760880984    3.7682070860871364 1.363140128909217 0.015533032034434178
25.40145984948119    -14.119041149244552    100.66323817358294    3.7660278691779343 1.3619235504235572 0.01547051031330818
25.70385818102263    -13.92305540636132    100.48577300998176    3.763822976150354 1.36069276349144 0.015407318165845563
26.006256512564075    -13.736360105401596    100.30540643916295    3.761592422035579 1.3594477809530152 0.015343458330545333
26.308654844105515    -13.559163727051674    100.12218091892478    3.759336222040119 1.3581886157964704 0.015278933574887167
26.611053175646962    -13.391667928504972    99.93614022258686    3.757054391545858 1.3569152811581735 0.015213746695155387
26.9134515071884    -13.234067103785593    99.7473293467904    3.75474694610987 1.3556277903224179 0.015147900516296178
27.21584983872985    -13.08654744806183    99.55579442042757    3.7524139014642652 1.3543261567212712 0.015081397891885721
27.51824817027129    -12.949285493709311    99.36158261448765    3.7500552735161605 1.353010393934437 0.015014241703911154
27.82064650181273    -12.822447274174053    99.16474205227816    3.747671078347457 1.3516805156890976 0.014946434862725165
28.123044833354175    -12.706186923977798    98.96532171972173    3.7452613322145436 1.3503365358597597 0.014877980306846943
28.425443164895615    -12.600645081212658    98.76337137612033    3.7428260515482834 1.3489784684680501 0.014808881002884352
28.72784149643706    -12.505948467813965    98.55894146605975    3.7403652529538443 1.347606327682662 0.014739139945390918
29.030239827978498    -12.422208790192917    98.35208303265789    3.737878953210506 1.3462201278191286 0.014668760156697679
29.332638159519945    -12.349520790585185    98.14284763191338    3.7353671692715253 1.3448198833396676 0.014597744686844556
29.635036491061385    -12.287961723741633    97.93128724818625    3.732829918263921 1.3434056088530297 0.014526096613443784
29.937434822602825    -12.237590750253133    97.7174542111991    3.730267217488669 1.341977319114417 0.014453819041483611
30.23983315414427    -12.19844722009566    97.5014011144195    3.727679084420554 1.3405350290253122 0.01438091510324984
30.54223148568572    -12.170550336539517    97.28318073377274    3.725065536707991 1.3390787536333104 0.01430738795819162
30.84462981722716    -12.15389912237579    97.06284594575885    3.722426592172823 1.337608508131921 0.014233240792734482
31.147028148768605    -12.148470942434436    96.8404496449567    3.7197622688102987 1.3361243078604546 0.014158476820210061
31.449426480310045    -12.154221346509422    96.6160446616582    3.7170725847891073 1.3346261683039653 0.014083099280623403
31.751824811851485    -12.17108487751177    96.38968368096472    3.7143575584513377 1.3331141050929312 0.014007111440636369
32.054223143392925    -12.198974078810762    96.16141916521427    3.711617208312586 1.3315881340033568 0.013930516593341716
32.35662147493437    -12.237779172094447    95.9313032816579    3.708851553061815 1.3300482709564652 0.013853318058100644
32.65901980647582    -12.287369301835694    95.69938783664676    3.706060611561151 1.328494532018509 0.01377551918048439
32.96141813801726    -12.34759221254421    95.46572421633884    3.7032444028455447 1.3269269334006 0.013697123332032294
33.263816469558705    -12.418274005211426    95.23036333284115    3.7004029461223484 1.3253454914584448 0.013618133910181976
33.566214801100145    -12.499220558316651    94.99335557465889    3.6975362607710514 1.3237502226921765 0.013538554338064479
33.868613132641585    -12.590217297304294    94.75475076091887    3.6946443663430135 1.3221411437461998 0.01345838806438081
34.171011464183024    -12.691028540166727    94.51459809962851    3.6917272825612466 1.3205182714088877 0.013377638563244866
34.47340979572447    -12.801399227307625    94.27294615159141    3.688785029320278 1.3188816226124473 0.013296309334024982
34.77580812726591    -12.921055396077408    94.02984280238918    3.685817626685997 1.3172312144327505 0.013214403901224232
35.07820645880735    -13.049703025332315    93.78533524361656    3.682825094895531 1.3155670640892154 0.013131925814319968
35.3806047903488    -13.187029209832511    93.53946996285303    3.6798074543570123 1.3138891889444975 0.013048878647591277
35.68300312189024    -13.33270300450806    93.29229274138356    3.676764725649427 1.3121976065044236 0.012965265999965728
35.98540145343168    -13.4863739513989    93.04384865854671    3.673696929522439 1.3104923344176236 0.012881091494870604
36.287799784973124    -13.647672653491464    92.79418210124967    3.6706040868960166 1.308773390475541 0.012796358780079871
36.59019811651457    -13.816212275358026    92.54333677726338    3.6674862188607786 1.3070407926121481 0.0127110715275794
36.89259644805601    -13.991587370358186    92.2913557311851    3.6643433466776796 1.3052945589038016 0.0126252334333774
37.19499477959746    -14.173373646786512    92.03828136261417    3.6611754917782173 1.303534707569147 0.01253884821734674
37.4973931111389    -14.361129614525574    91.78415544676604    3.6579826757640106 1.301761256968931 0.012451919623114356
37.79979144268034    -14.554396127907674    91.52901915737462    3.654764920406734 1.2999742256056614 0.012364451417800919
38.10218977422178    -14.752695889728214    91.27291309091952    3.6515222476477187 1.2981736321235227 0.012276447391943088
38.404588105763224    -14.955535162831032    91.0158772916063    3.64825467959778 1.2963594953081008 0.012187911359298122
38.70698643730467    -15.162404051300912    90.75795127681884    3.644962238537118 1.2945318340861727 0.012098847156646999
39.00938476884612    -15.37277579405868    90.49917406198122    3.641644946915019 1.29269066752557 0.012009258643668263
39.31178310038755    -15.586108284160343    90.23958418377902    3.6383028273500897 1.290836014834824 0.011919149702774563
39.614181431929    -15.801845523646449    89.97921972125114    3.634935902629973 1.288967895363166 0.011828524238903881
39.916579763470445    -16.01941766910912    89.71811831392343    3.6315441957110757 1.2870863286003238 0.01173738617936411
40.218978095011884    -16.238242197695158    89.45631717634748    3.6281277297185683 1.2851913341761394 0.011645739473704106
40.52137642655333    -16.45772580869144    89.19385310976347    3.6246865279458635 1.283282931860506 0.011553588093485145
40.82377475809477    -16.67726546587545    88.93076251218054    3.621220613854625 1.2813611415630861 0.011460936032134716
41.12617308963621    -16.896249294795624    88.66708138730132    3.617730011075097 1.2794259833332147 0.011367787304788235
41.42857142117766    -17.114058088128747    88.40284535151473    3.6142147434060115 1.2774774773597621 0.011274145948109835
41.73096975271909    -17.330067689251305    88.13808963759972    3.6106748348148163 1.2755156439709663 0.011180016020094736
42.03336808426054    -17.54365090332151    87.87284909477697    3.6071103094373154 1.2735405036341652 0.011085401599938533
42.33576641580198    -17.75417743424115    87.60715818614906    3.6035211915775274 1.2715520769556228 0.01099030678784731
42.638164747343424    -17.96101531469866    87.34105098379116    3.599907505707441 1.2695503846802334 0.010894735704790088
42.940563078884864    -18.163535277180234    87.07456116071808    3.5962692764666206 1.2675354476913168 0.010798692492394716
43.24296141042631    -18.36111204303244    86.80772198022541    3.5926065286618876 1.2655072870103643 0.010702181312733636
43.545359741967744    -18.553123021600804    86.54056628405992    3.5889192872670264 1.2634659237967438 0.010605206348188376
43.84775807350919    -18.73895159282628    86.27312647976008    3.5852075774219956 1.2614113793474324 0.010507771801155337
44.15015640505064    -18.917991194522955    86.00543452679923    3.5814714244328676 1.2593436750966815 0.01040988189399372
44.45255473659208    -19.08964437323413    85.73752192125362    3.5777108537714617 1.2572628326158963 0.01031154086874778
44.754953068133524    -19.253323487482444    85.46941967864677    3.5739258910754574 1.2551688736133426 0.01021275298702142
45.05735139967497    -19.408455153096718    85.2011583147698    3.5701165621487383 1.2530618199341934 0.010113522529777846
45.359749731216404    -19.55448064053621    84.93276782448646    3.5662828929616253 1.250941693560244 0.010013853797184391
45.66214806275785    -19.690854726256035    84.66427765842798    3.5624249096507015 1.2488085166097922 0.009913751108398485
45.9645463942993    -19.81704951542823    84.3957166981278    3.5585426385187264 1.246662311337331 0.009813218801363594
46.26694472584074    -19.93255723903218    84.12711323046844    3.554636106034095 1.2445031001332483 0.00971226123265972
46.569343057382184    -20.036888494309547    83.85849492133545    3.550705338829856 1.2423309055236458 0.009610882777288679
46.87174138892363    -20.129573147630097    83.58988878860073    3.5467503637026905 1.2401457501695246 0.009509087828459896
47.174139720465064    -20.21016405059762    83.32132117599988    3.542771207612996 1.2379476568670065 0.009406880797432456
47.47653805200651    -20.278237105628264    83.05281772869486    3.53876789768658 1.2357366485471233 0.00930426611336837
47.77893638354794    -20.33338996105877    82.78440336916604    3.5347404612154887 1.2335127482760744 0.00920124822309505
48.0813347150894    -20.375244150617373    82.51610227195245    3.530688925657615 1.2312759792547596 0.009097831590948194
48.38373304663084    -20.40344740105796    82.24793783701608    3.526613318635515 1.2290263648185542 0.008994020698512127
48.68613137817228    -20.417672935134078    81.97993266229469    3.522513667935726 1.226763928436705 0.008889820044482303
48.988529709713724    -20.417619240136656    81.71210851615254    3.518390001508516 1.224488693712207 0.008785234144438643
49.290928041255164    -20.403012135674963    81.44448630982372    3.51424234746755 1.222200684381558 0.008680267530640448
49.593326372796604    -20.373605405034812    81.1770860694895    3.5100707340895796 1.2198999243143462 0.008574924751841026
49.89572470433805    -20.329179577527455    80.90992690803054    3.5058751898143585 1.2175864375131251 0.008469210373073027
50.1981230358795    -20.269543186891337    80.64302699639137    3.501655743244442 1.2152602481131305 0.00836312897549679
50.50052136742093    -20.19453494270226    80.37640353412372    3.4974124231452364 1.2129213803822068 0.008256685156162158
50.80291969896238    -20.104022313757714    80.1100727194883    3.493145258445189 1.210569858720416 0.008149883527880592
51.10531803050382    -19.997900615587167    79.84404972015403    3.488854278235437 1.2082057076599693 0.00804272871892679
51.40771636204526    -19.87609582969327    79.57834864499274    3.4845395117694373 1.205828951864747 0.007935225372874341
51.71011469358671    -19.738564793722478    79.31298251731818    3.480200988462077 1.2034396161299308 0.007827378148393306
52.01251302512815    -19.585292584300646    79.04796324986687    3.475838737888906 1.20103772538172 0.0077191917190420475
52.31491135666959    -19.41629414521175    78.78330162073179    3.4714527897859364 1.198623304676927 0.007610670773057093
52.61730968821103    -19.23161637472301    78.51900724904827    3.467043174050728 1.1961963792031514 0.007501820013172289
52.91970801975247    -19.031335293942938    78.25508857033009    3.4626099207430965 1.1937569742786578 0.007392644156495063
53.222106351293924    -18.81555501626931    77.99155281257137    3.4581530600851593 1.1913051153522238 0.007283147934156664
53.524504682835364    -18.584410097453866    77.72840597479254    3.453672622460929 1.1888408280026548 0.007173336091219371
53.8269030143768    -18.338064342524884    77.46565280933905    3.4491686384139473 1.1863641379381769 0.007063213386367197
54.12930134591824    -18.076708908829566    77.20329680801157    3.4446411386455664 1.1838750709958077 0.006952784591732017
54.4316996774597    -17.800563743290233    76.9413401919989    3.4400901540155373 1.1813736531412626 0.006842054492712168
54.73409800900114    -17.509876456768225    76.67978390654542    3.435515715543162 1.178859910468994 0.006731027887744293
55.03649634054258    -17.20491906508261    76.41862762104064    3.4309178544081798 1.1763338692022256 0.006619709588204998
55.33889467208402    -16.885988581755708    76.1578697343642    3.4262966019521763 1.1737955556930226 0.006508104418121405
55.64129300362546    -16.55340721899979    75.89750738548761    3.4216519896785846 1.1712449964219105 0.006396217213973915
55.94369133516691    -16.20751908595313    75.63753646917321    3.416984049251927 1.1686822179975807 0.006284052824506002
56.24608966670835    -15.848689088534398    75.37795165574157    3.412292812497746 1.1661072471566911 0.006171616110493064
56.54848799824979    -15.477303217217791    75.11874641408232    3.4075783114018674 1.16352011076334 0.006058911944496852
56.85088632979123    -15.093766049857413    74.85991303775043    3.4028405781093705 1.1609208358086571 0.005945945210666033
57.15328466133268    -14.698499109124064    74.60144267384159    3.3980796449236093 1.1583094494104114 0.005832720804520169
57.45568299287412    -14.29194097846307    74.34332535372275    3.393295544305305 1.1556859788124676 0.0057192436327208225
57.758081324415556    -13.874545387426227    74.08555002417282    3.3884883088716364 1.1530504513844768 0.005605518612859407
58.060479655956996    -13.4467795551463    73.82810457758981    3.3836579713959964 1.15040289462156 0.005491550673227425
58.36287798749844    -13.009124596117399    73.57097588076948    3.3788045648078255 1.1477433361439946 0.005377344752687888
58.66527631903989    -12.56207463242356    73.31414980186598    3.3739281221927553 1.1450718036971177 0.005262905800354286
58.96767465058133    -12.106135566619324    73.05761123470234    3.3690286767941484 1.142388325151253 0.005148238775531868
59.27007298212277    -11.641825494736265    72.80134412055834    3.3641062620143423 1.1396929285018962 0.005033348647384332
59.572471313664224    -11.169674042728685    72.54533146911528    3.359160911413321 1.1369856418691129 0.004918240394768319
59.87486964520565    -10.690221204263828    72.28955538019576    3.3541926587069377 1.1342664934968114 0.004802919005964496
60.1772679767471    -10.204018071367026    72.03399706710843    3.349201537765261 1.131535511752309 0.004687389478434217
60.47966630828854    -9.71162683260915    71.77863688225668    3.3441875826121783 1.1287927251257408 0.004571656818669961
60.78206463982998    -9.21361947018079    71.52345434605397    3.3391508274261374 1.1260381622303572 0.004455726041904919
61.08446297137144    -8.710577808294097    71.26842818076395    3.334091306540326 1.123271851802043 0.004339602172026291
61.38686130291288    -8.203093292439391    71.01353635099247    3.329009054443182 1.120493822699242 0.004223290241255375
61.68925963445432    -7.691765446742127    70.75875611184307    3.3239041057798007 1.1177041039031355 0.004106795290002924
61.991657965995756    -7.17720140117966    70.50406406531195    3.318776495351898 1.1149027245171343 0.003990122366618585
62.29405629753721    -6.660015286679634    70.24943622554609    3.3136262581158755 1.1120897137663395 0.0038732765271502195
62.596454629078636    -6.140826090120528    69.99484809328915    3.30845342918206 1.1092651009971581 0.0037562628351181736
62.89885296062009    -5.620256428768618    69.7402747398266    3.3032580438138868 1.1064289156767257 0.003639086361275482
63.20125129216153    -5.098931537800819    69.48569090081973    3.298040137426781 1.1035811873925323 0.003521752183414588
63.50364962370297    -4.577476507521754    69.23107107969373    3.2927997455873155 1.1007219458520507 0.0034042653861093746
63.806047955244416    -4.056514285746998    68.97638965948278    3.2875369040131734 1.0978512208822875 0.003286631060539283
64.10844628678585    -3.5366645830787626    68.72162102203077    3.2822516485735505 1.094969042429852 0.003168854304329367
64.4108446183273    -3.0185409764912183    68.46673967304793    3.2769440152905625 1.092075440560848 0.003050940221298046
64.71324294986874    -2.5027482537439245    68.21172037071226    3.271614040341349 1.0891704454612023 0.002932893921254666
65.01564128141018    -1.989881469161723    67.95653825563095    3.266261760060283 1.0862540874367443 0.002814720519843713
65.31803961295164    -1.4805237898039367    67.70116898075092    3.2608872109385185 1.0833263969127858 0.002696425138242936
65.62043794449308    -0.9752437741214497    67.4455888403149    3.255490429619286 1.0803874044329367 0.002578012902877171
65.92283627603452    -0.4745943665926368    67.18977489670796    3.250071452894213 1.0774371406580117 0.002459488945210332
66.22523460757596    0.020888426444757333    66.93370510300998    3.244630317705438 1.0744756363663195 0.0023408584015669823
66.52763293911741    0.5106874887946656    66.67735841888206    3.2391670611477226 1.0715029224538786 0.002222126412917256
66.83003127065885    0.9943049741498892    66.42071491881622    3.2336817204684025 1.0685190299338307 0.002103298124656172
67.13242960220029    1.4712626347403728    66.16375589259353    3.228174333066202 1.0655239899362612 0.0019843786863343277
67.43482793374173    1.9411030568014176    65.90646393760966    3.2226449364912533 1.0625178337077148 0.0018653732515029836
67.73722626528317    2.4033895193324324    65.64882304308598    3.21709356844457 1.0595005926108783 0.001746286977456049
68.03962459682461    2.8577053147660636    65.3908186664308    3.211520266777718 1.0564722981243482 0.0016271250249697115
68.34202292836605    3.3036542639471613    65.13243780112147    3.2059250694927077 1.053432981842069 0.0015078925580850212
68.6444212599075    3.7408603561311016    64.87366903509432    3.2003080147406164 1.0503826754730219 0.0013885947438922082
68.94681959144894    4.1689661695359055    64.61450259949864    3.1946691408204533 1.0473214108405358 0.0012692367523291855
69.24921792299038    4.587632225720085    64.3549304086446    3.1890084861785626 1.0442492198819433 0.0011498237558420837
69.55161625453182    4.9965363912681156    64.09494609225654    3.1833260894078834 1.0411661346481627 0.0010303609293143485
69.85401458607326    5.395372256905058    63.834545020410744    3.1776219892490025 1.03807218730367 0.0009108534497210864
70.1564129176147    5.783847950783206    63.573724321008626    3.1718962245919657 1.0349674101265278 0.0007913064960834846
70.45881124915614    6.161685166553474    63.31248289087099    3.166148834476249 1.031851835508291 0.0006717252491224492
70.7612095806976    6.528617487077859    63.050821402431474    3.1603798580898275 1.0287254959532204 0.0005521148910215447
71.06360791223904    6.884389232135149    62.788742306343835    3.154589334768975 1.0255884240782451 0.0004324806052709188
71.36600624378048    7.228754731849996    62.52624982895451    3.1487773039973077 1.0224406526122374 0.00031282757633094765
71.66840457532193    7.5614766714818415    62.26334996465424    3.142943805404501 1.019282214395553 0.00019316098946762781
71.97080290686336    7.88232470992393    62.00005046402486    3.137088878762752 1.0161131423791208 7.348603043913337e-05
72.27320123840481    8.191075296711878    61.73636081803258    3.131212563984225 1.012933469623519 -4.6192114647635855e-05
72.57559956994625    8.487510924894364    61.47229223754817    3.125314901124336 1.0097432292995006 -0.0001658682595252117
72.87799790148769    8.771418557597444    61.20785762700047    3.1193959303868537 1.0065424546885107 -0.00028553721797482297
73.18039623302914    9.042588891158283    60.943071551555185    3.113455692124462 1.0033311791826152 -0.000405193803983322
73.48279456457058    9.300816149758743    60.677950198312445    3.107494226837614 1.0001094362840277 -0.0005248328320806941
73.78519289611202    9.54589726654715    60.41251133170525    3.1015115751720392 0.9968772596043086 -0.0006444491175451195
74.08759122765346    9.777631034375425    60.14677424240094    3.095507777918115 0.9936346828639927 -0.000764037476620189
74.38998955919492    9.995817709777121    59.88075968921983    3.0894828760119055 0.9903817398925692 -0.0008835927267354108
74.69238789073636    10.200258420722209    59.614489833932446    3.0834369105357986 0.9871184646281399 -0.0010031096867442644
74.9947862222778    10.390754398321901    59.34798816883409    3.077369922716935 0.9838448911167363 -0.0011225831771948787
75.29718455381924    10.567106559482513    59.08127943829566    3.07128195392612 0.9805610535119031 -0.0012420080204906764
75.59958288536068    10.729115161873631    58.81438955650328    3.065173045676399 0.9772669860740114 -0.001361379041183091
75.90198121690213    10.876579322057218    58.5473455229531    3.0590432396224667 0.973962723169945 -0.0014806910661566465
76.20437954844355    11.009296784329885    58.280175336808014    3.05289257756107 0.9706482992728662 -0.0015999389248951645
76.50677787998501    11.127063845929792    58.012907911627565    3.0467211014307733 0.9673237489618387 -0.0017191174496671911
76.80917621152645    11.229675332981307    57.74557299185303    3.040528853311946 0.9639891069215981 -0.0018382214756777731
77.11157454306789    11.31692519725041    57.47820107199652    3.0343158754272412 0.9606444079423169 -0.0019572458414418366
77.41397287460934    11.388607468240442    57.21082331919068    3.0280822101418257 0.9572896869191829 -0.0020761853888999304
77.71637120615078    11.444516753977725    56.94347149963223    3.021827899961687 0.9539249788519789 -0.0021950349636994993
78.01876953769224    11.484449099508579    56.67617791008975    3.0155529875313185 0.9505503188441123 -0.002313789415437964
78.32116786923366    11.50820400549921    56.40897531593452    3.0092575156329855 0.9471657421021491 -0.002432443597856805
78.6235662007751    11.515586421830763    56.141896895882596    3.0029415271873536 0.9437712839358725 -0.0025509923690685272
78.92596453231656    11.506408257802098    55.87497619267586    2.996605065253386 0.940366979757801 -0.002669430591744195
79.228362863858    11.48049063862571    55.608247069293235    2.9902481730291446 0.9369528650831515 -0.002787753133323731
79.53076119539945    11.437666916598419    55.34174367012808    2.9838708938533998 0.9335289755297999 -0.0029059548662185115
79.83315952694089    11.37778552457114    55.075500386170035    2.9774732712056133 0.9300953468179425 -0.0030240306680883065
80.13555785848231    11.300712725981558    54.80955182371704    2.9710553487039966 0.9266520147693894 -0.0031419754220059696
80.43795619002377    11.206335363800791    54.54393277602081    2.9646171701044284 0.9231990153069662 -0.0032597840167654596
80.74035452156521    11.094563727569708    54.278678196027485    2.958158779300631 0.9197363844543721 -0.0033774513470235966
81.04275285310666    10.965335021957216    54.01382316781918    2.951680220325294 0.9162641583360357 -0.003494972313543641
81.3451511846481    10.818616617455422    53.749402875152725    2.945181537350196 0.9127823731768306 -0.0036123418234199713
81.64754951618954    10.654408152923605    53.485452567092544    2.9386627746846448 0.9092910653014303 -0.00372955479035789
81.94994784773098    10.4727437209931    53.222007521749    2.932123976774725 0.9057902711337277 -0.0038466061347993586
82.25234617927242    10.273694786191916    52.95910300806475    2.9255651882009843 0.9022800271962206 -0.003963490784274007
82.55474451081386    10.057372364210739    52.696774244091344    2.9189864536754313 0.8987603701090432 -0.004080203673544706
82.85714284235532    9.823928205454797    52.43505635095763    2.912387818044098 0.8952313365902843 -0.0041967397447796925
83.15954117389676    9.573556159896587    52.17398430309678    2.9057693262920496 0.8916929634565842 -0.004313093947756781
83.46193950543818    9.30649362414143    51.91359287510648    2.8991310235440473 0.8881452876228718 -0.004429261240054315
83.76433783697964    9.023022189929632    51.653916585375754    2.892472955062177 0.8845883461013867 -0.004545236587432064
84.06673616852108    8.723467446004927    51.39498963737462    2.885795166243069 0.8810221760010201 -0.004661014963892224
84.36913450006251    8.408198801755065    51.13684586015693    2.879097702616992 0.8774468145267644 -0.0047765913520718545
84.67153283160395    8.077629764550066    50.87951864954246    2.8723806098487663 0.8738622989796049 -0.004891960743335196
84.97393116314541    7.73221724575538    50.62304091076227    2.8656439337369073 0.8702686667559434 -0.0050071181380252384
85.27632949468685    7.372459448941803    50.36744500267086    2.858887720212007 0.8666659553469831 -0.005122058545702051
85.57872782622829    6.998894857327411    50.112762683946364    2.852112015335949 0.863054202338263 -0.005236776985369122
85.88112615776973    6.612102079167743    49.85902506234652    2.845316865301299 0.859433445409101 -0.005351268485711313
86.18352448931117    6.212697213362056    49.60626254803969    2.8385023164307817 0.8558037223323011 -0.005465528085214676
86.48592282085262    5.801330541046472    49.35450481197956    2.831668415178004 0.8521650709739138 -0.0055795508324411915
86.78832115239406    5.378685705786816    49.10378075029563    2.8248152081281304 0.848517529293047 -0.005693331786191463
87.09071948393549    4.945477773775856    48.854118455005526    2.8179427419969136 0.8448611353414966 -0.005806866015748413
87.39311781547694    4.5024488683279404    48.605545191061665    2.8110510636304635 0.8411959272630949 -0.005920148601093904
87.69551614701838    4.050366555433777    48.35808738018331    2.804140220006516 0.8375219432939625 -0.006033174633045051
87.99791447855984    3.590023462572829    48.11177059178472    2.797210258235057 0.833839221762113 -0.006145939213516652
88.30031281010127    3.1222325899126546    47.86661954076013    2.7902612255579835 0.8301478010869952 -0.006258437455791666
88.6027111416427    2.6478226075934246    47.62265809180386    2.7832931693476786 0.8264477197788266 -0.006370664484636832
88.90510947318415    2.1676375099181517    47.37990926997083    2.776306137105691 0.822739016438113 -0.006482615436638113
89.2075078047256    1.682534765930356    47.138395277288815    2.7693001764616443 0.8190217297550596 -0.0065942854603216255
89.50990613626705    1.1933800894985216    46.898137515520666    2.7622753351731077 0.81529589850916 -0.0067056697164059615
89.81230446780849    0.7010447453539997    46.65915661487156    2.7552316611252445 0.8115615615688732 -0.006816763377954086
90.11470279934994    0.2064045883302261    46.4214724681051    2.748169202333211 0.8078187578917873 -0.006927561630603678
90.41710113089137    -0.2896637284255206    46.18510426979259    2.7410880069434564 0.8040675265245729 -0.007038059672726379
90.71949946243281    -0.7862865758029929    45.95007056023607    2.733988123231718 0.8003079066021864 -0.00714825271567456
91.02189779397426    -1.2825945737856523    45.716389273109165    2.72686959960206 0.7965399373472896 -0.007258135984040123
91.3242961255157    -1.7777248558713687    45.4840777862404    2.7197324845873325 0.7927636580700043 -0.007367704715829947
91.62669445705716    -2.2708252308383945    45.25315297530189    2.7125768268478905 0.7889791081672773 -0.007476954162686359
91.9290927885986    -2.761056642163705    45.02363126990407    2.705402675170834 0.7851863271223328 -0.007585879590076986
92.23149112014002    -3.247594223769424    44.79552871185792    2.698210078471337 0.7813853545046537 -0.007694476277488785
92.53388945168147    -3.7296301674997054    44.5688610157615    2.69099908579211 0.7775762299694892 -0.007802739518698647
92.83628778322291    -4.206377350347454    44.3436436316116    2.6837697463014893 0.773758993257242 -0.007910664621912625
93.13868611476437    -4.677070735477986    44.119891808424974    2.676522109291116 0.7699336841923987 -0.008018246910073672
93.44108444630581    -5.140968261624574    43.89762065748565    2.6692562241735502 0.7661003426829601 -0.00812548172103629
93.74348277784726    -5.597353919886131    43.67684521441109    2.661972140482443 0.7622590087200944 -0.008232364407662186
94.04588110938869    -6.045540336943292    43.45758050065473    2.6546699078749647 0.7584097223783107 -0.008338890338093348
94.34827944093013    -6.484868926871342    43.23984158516904    2.6473495761341925 0.7545525238155457 -0.008445054895876106
94.65067777247158    -6.914711401254003    43.02364364519343    2.6400111951700476 0.75068745327302 -0.008550853480160502
94.95307610401302    -7.3344729441446646    42.80900202477633    2.63265481501851 0.746814551074591 -0.008656281505963344
95.25547443555448    -7.743592540136184    42.59593229105143    2.6252804858390464 0.7429338576259685 -0.008761334404409524
95.55787276709589    -8.14154241549734    42.384450288442515    2.6178882579117455 0.7390454134136605 -0.0088660076228908
95.86027109863734    -8.527830669157618    42.174572190182076    2.6104781816360987 0.7351492590045309 -0.008970296625294033
96.1626694301788    -8.902002876293722    41.96631454657313    2.603050307531422 0.7312454350454747 -0.0090741968922102
96.46506776172023    -9.263640409344148    41.759694329726535    2.595604686237056 0.7273339822631562 -0.009177703921008293
96.76746609326167    -9.612360999142627    41.55472897466887    2.5881413685126207 0.7234149414636821 -0.009280813226143441
97.06986442480311    -9.947821020233995    41.35143641679848    2.5806604052383775 0.7194883535323264 -0.009383520339306568
97.37226275634455    -10.2697142471351    41.149835125166305    2.5731618474149083 0.715554259433185 -0.009485820809553996
97.674661087886    -10.577770313931186    40.94994413102009    2.565645746162846 0.7116127002086754 -0.009587710203600637
97.97705941942745    -10.871756333879993    40.75178305205483    2.558112152722982 0.7076637169793403 -0.009689184105921797
98.27945775096889    -11.151476850671965    40.55537211284078    2.5505611184558514 0.703707350943238 -0.009790238119011783
98.58185608251033    -11.416771291728857    40.36073216101275    2.542992694842074 0.6997436433757249 -0.00989086786355856
98.88425441405177    -11.66751366566183    40.167884678905935    2.535406933481896 0.6957726356288617 -0.00999106897861142
99.18665274559321    -11.903612883972517    39.976851790376166    2.5278038860945493 0.6917943691310915 -0.010090837121817124
99.48905107713465    -12.1250106210293    39.787656261558794    2.520183604517567 0.6878088853865847 -0.010190167969589365
99.7914494086761    -12.331679984286628    39.60032149425312    2.5125461407069034 0.6838162259749607 -0.010289057217278392
100.09384774021754    -12.523625883658859    39.414871511731555    2.5048915467364816 0.6798164325509268 -0.010387500579400258
100.396246071759    -12.700883517486433    39.23133093734982    2.497219874797419 0.6758095468436116 -0.010485493789797554
100.69864440330042    -12.863516091232068    39.049724966288686    2.4895311771980024 0.671795610656368 -0.010583032601777592
101.00104273484186    -13.011614592433295    38.8700793302862    2.48182550636304 0.6677746658660901 -0.010680112788407666
101.3034410663833    -13.14529728795718    38.69242025465365    2.474102914832589 0.6637467544227198 -0.010776730142606345
101.60583939792475    -13.264707523385768    38.516774407290555    2.466363455261322 0.659711918348657 -0.010872880477376962
101.90823772946621    -13.370012633255183    38.343168840204385    2.4586071804191745 0.6556701997386429 -0.010968559625953096
102.21063606100763    -13.46140402320711    38.17163092394929    2.4508341431915124 0.6516216407593303 -0.011063763441941111
102.51303439254907    -13.539095841091072    38.00218827553929    2.4430443965788284 0.6475662836490025 -0.011158487799616082
102.81543272409051    -13.60332320742765    37.834868680984094    2.4352379936959916 0.6435041707168326 -0.011252728593969674
103.11783105563197    -13.654341811589484    37.669700013376975    2.427414987772198 0.6394353443426762 -0.011346481740996582
103.42022938717342    -13.692427194243319    37.50671014729324    2.419575432150092 0.6353598469764545 -0.011439743177808416
103.72262771871485    -13.717872951242503    37.34592687083021    2.4117193802845485 0.6312777211375166 -0.01153250886286317
104.0250260502563    -13.730989782444762    37.18737779627639    2.4038468857414625 0.6271890094140322 -0.011624774776075365
104.32742438179773    -13.732104952588415    37.03109026935873    2.395958002197386 0.6230937544627237 -0.011716536919075413
104.62982271333918    -13.721560486124522    36.87709127719037    2.3880527834398295 0.6189919990084012 -0.0118077913152495
104.93222104488063    -13.699711562750977    36.72540735597953    2.3801312833678216 0.6148837858437272 -0.011898534010039277
105.23461937642206    -13.66692598625963    36.576064499895494    2.3721935559918403 0.6107691578288204 -0.011988761071029638
105.53701770796351    -13.623582721742498    36.429088071929684    2.3642396554340133 0.6066481578909204 -0.012078468588139595
105.83941603950494    -13.57006981556348    36.28450271635452    2.356269635928199 0.6025208290240599 -0.012167652673776366
106.1418143710464    -13.506783481787133    36.14233227210351    2.348283551819569 0.5983872142886144 -0.012256309463054981
106.44421270258785    -13.434126934410376    36.00259968779665    2.340281457563793 0.5942473568106234 -0.012344435113932064
106.74661103412927    -13.352508186661318    35.86532693957949    2.3322634077263515 0.5901012997814095 -0.012432025807402818
107.04900936567073    -13.262338818638261    35.73053495136243    2.3242294569813495 0.5859490864568383 -0.012519077747651205
107.35140769721218    -13.164033270549652    35.59824351612583    2.3161796601104587 0.5817907601569253 -0.012605587162221987
107.6538060287536    -13.058007124268837    35.46847121749951    2.308114072003449 0.5776263642653734 -0.012691550302158754
107.95620436029506    -12.944675819937025    35.34123535114374    2.300032747658151 0.5734559422293559 -0.012776963442192457
108.25860269183649    -12.82445417905088    35.21655184566186    2.291935742179922 0.5692795375588825 -0.012861822880952844
108.56100102337794    -12.697755162725807    35.094435183225926    2.283823110780847 0.5650971938262979 -0.012946124940987994
108.8633993549194    -12.56498886475689    34.9748983202915    2.2756949087793195 0.5609089546658617 -0.013029865969044884
109.16579768646083    -12.426562620536348    34.857952608804126    2.2675511915998534 0.5567148637732445 -0.013113042336233994
109.46819601800227    -12.282880517070748    34.74360771809037    2.2593920147730544 0.5525149649052513 -0.013195650438080497
109.7705943495437    -12.134342542039269    34.6318715572515    2.2512174339350675 0.5483093018792186 -0.01327768669478836
110.07299268108515    -11.981344769985474    34.522750198294126    2.2430275048260833 0.5440979185723662 -0.013359147551355723
110.37539101262661    -11.824279490848925    34.41624780109647    2.234822283288819 0.5398808589211691 -0.013440029477758257
110.67778934416803    -11.663534922192712    34.31236654113859    2.2266018252674544 0.5356581669206636 -0.013520328969043644
110.98018767570946    -11.499495550752682    34.21110654055149    2.218366186807677 0.5314298866242787 -0.013600042545518028
111.28258600725091    -11.33254230626138    34.11246580352403    2.210115424058043 0.527196062143701 -0.013679166752879257
111.58498433879237    -11.163052334316479    34.01644015727589    2.201849593270398 0.5229567376484028 -0.013757698162286508
111.88738267033382    -10.991399532490027    33.92302319928278    2.1935687507993715 0.5187119573653497 -0.01383563337066805
112.18978100187525    -10.81795491881636    33.83220625125669    2.185272953101934 0.5144617655784277 -0.013912969000735157
112.4921793334167    -10.643086198679978    33.743978320630475    2.1769622567361844 0.5102062066277372 -0.013989701701179708
112.79457766495813    -10.467158010240384    33.65832607063059    2.1686367183603488 0.5059453249091561 -0.014065828146852774
113.09697599649958    -10.290532257253439    33.575233800168384    2.1602963947333134 0.5016791648740393 -0.014141345038829746
113.39937432804102    -10.113567445421845    33.494683434264054    2.1519413427162295 0.49740777102916717 -0.01421624910456831
113.70177265958246    -9.93661864107776    33.416654525019815    2.143571619273265 0.493131187936457 -0.014290537098076738
114.00417099112391    -9.760037874391077    33.341124263281074    2.1351872814712283 0.48884946021249676 -0.014364205800041326
114.30656932266535    -9.584173095826564    33.268067501405845    2.1267883864775556 0.4845626325277184 -0.014437252018018576
114.6089676542068    -9.409367126829245    33.19745678740011    2.1183749915581895 0.4802707496055211 -0.014509672586555958
114.91136598574823    -9.235957823164776    33.129262410404664    2.1099471540766785 0.4759738562216987 -0.014581464367354087
115.21376431728967    -9.06427759543793    33.06345245699023    2.101504931493058 0.4716719972039518 -0.014652624249312522
115.51616264883111    -8.894652268015994    32.99999287710916    2.093048381363952 0.4673652174315379 -0.01472314914877631
115.81856098037257    -8.727400463329477    32.938847558837374    2.084577561343898 0.46305356183508034 -0.01479303600953495
116.12095931191399    -8.562832747202243    32.87997841163763    2.0760925291863908 0.4587370753964738 -0.014862281803014021
116.42335764345545    -8.401250867399767    32.82334545756689    2.067593342743525 0.4544158031483729 -0.0149308835284491
116.72575597499689    -8.242947774770336    32.76890692937725    2.0590800599645886 0.45008979017354844 -0.014998838212944905
117.02815430653833    -8.088206737724931    32.71661937478618    2.050552738894093 0.4457590816039158 -0.015066142911731816
117.33055263807978    -7.937299902488951    32.666437766886496    2.04201143767036 0.4414237226200537 -0.015132794708154616
117.63295096962123    -7.790488509730543    32.618315620898755    2.033456214524679 0.43708375845043984 -0.01519879071392531
117.93534930116266    -7.648023194348497    32.57220511685766    2.0248871277816183 0.4327392343714658 -0.01526412806912704
118.23774763270409    -7.510142862388054    32.52805722716098    2.0163042358607544 0.4283901957072411 -0.015328803942355605
118.54014596424554    -7.377074372506213    32.48582184851655    2.007707597276336 0.42403668782899273 -0.015392815530873365
118.842544295787    -7.249033074595169    32.44544793890353    1.9990972706356878 0.4196787561544343 -0.015456160060753156
119.14494262732845    -7.12622233293493    32.40688365998876    1.9904733146374245 0.4153164461470075 -0.015518834786977336
119.44734095886987    -7.008833222123918    32.370076524749585    1.9818357880706643 0.4109498033153812 -0.015580836993566943
119.7497392904113    -6.897044989851646    32.33497355007908    1.9731847498156572 0.4065788732132628 -0.015642163993645396
120.05213762195275    -6.791024767719445    32.301521414232596    1.9645202588448138 0.40220370143908896 -0.01570281312959061
120.3545359534942    -6.690927384123043    32.26966661858857    1.9558423742236926 0.3978243336360688 -0.0157627817730564
120.65693428503566    -6.596895971478542    32.23935565288662    1.9471511551112715 0.39344081549156645 -0.015822067325254742
120.95933261657709    -6.509061597187841    32.210535163145906    1.938446660759279 0.3890531927365621 -0.015880667216956287
121.26173094811854    -6.42754260564052    32.18315212169333    1.9297289505108246 0.3846615111451767 -0.01593857890865484
121.56412927965997    -6.352445307574189    32.15715399852823    1.9209980837998768 0.38026581653387254 -0.015995799890649434
121.86652761120142    -6.283864202861145    32.1324889324512    1.9122541201507701 0.37586615476111596 -0.01605232768322243
122.16892594274287    -6.221881180280307    32.10910590025524    1.9034971191770231 0.37146257172670055 -0.016108159836667142
122.4713242742843    -6.166565818460838    32.08695488322768    1.894727140580421 0.36705511337124586 -0.01616329393145175
122.77372260582575    -6.117975999450481    32.06598703039306    1.8859442441515393 0.36264382567577264 -0.016217727578269475
123.07612093736718    -6.07615736664629    32.04615481698159    1.8771484897691793 0.35822875466131576 -0.016271458418209987
123.37851926890863    -6.041143396800038    32.02741219636798    1.86833993739825 0.3538099463879788 -0.01632448412281958
123.68091760045009    -6.012956479673082    32.00971474429274    1.8595186470888312 0.34938744695451096 -0.01637680239420347
123.98331593199151    -5.99160813490995    31.993019794517863    1.8506846789774178 0.3449613024980706 -0.016428410965101052
124.28571426353297    -5.977098920536165    31.977286565215575    1.8418380932873795 0.3405315591940804 -0.01647930759902913
124.58811259507442    -5.969419325155393    31.962476275533167    1.8329789503276506 0.33609826325530523 -0.01652949009030571
124.89051092661585    -5.968550863259329    31.948552252074006    1.8241073104910284 0.3316614609313489 -0.016578956264196386
125.19290925815727    -5.974466965584079    31.9354800258298    1.8152232342551171 0.3272211985083357 -0.016627703977047832
125.49530758969873    -5.987133908082263    31.923227420434205    1.8063267821845346 0.32277752230909584 -0.016675731116242615
125.79770592124018    -6.0065114838673175    31.911764631833314    1.7974180149304464 0.3183304786922908 -0.0167230356004337
126.10010425278162    -6.032554044567531    31.90106429896491    1.7884969932271158 0.313880114051617 -0.016769615379609536
126.40250258432306    -6.065212260939064    31.89110156550466    1.7795637778905995 0.3094264748150581 -0.016815468435160713
126.70490091586449    -6.1044341148252474    31.88185413332691    1.7706184298184962 0.3049696074444518 -0.016860592779973392
127.00729924740594    -6.150165253547455    31.873302308940257    1.7616610099893055 0.3005095584349819 -0.01690498645849606
127.3096975789474    -6.202350539519334    31.86542904432167    1.7526915794639688 0.2960463743152442 -0.016948647546822612
127.61209591048883    -6.260935702049034    31.858219972489998    1.7437101993883575 0.2915801016472347 -0.016991574152742966
127.91449424203027    -6.32586728976424    31.851663437315093    1.734716930991905 0.2871107870254851 -0.017033764415895828
128.2168925735717    -6.397092821817802    31.84575051795726    1.7257118355849013 0.2826384770762174 -0.017075216507825872
128.51929090511314    -6.4745623623979265    31.840475049277032    1.7166949745576887 0.27816321845692216 -0.0171159286320641
128.8216892366546    -6.558229057142571    31.8358336390078    1.7076664093828255 0.2736850578561591 -0.017155899024205536
129.12408756819605    -6.648048210416387    31.831825681349923    1.698626201615247 0.26920404199336706 -0.01719512595198343
129.4264858997375    -6.743977437363979    31.82845336614474    1.6895744128887764 0.2647202176174983 -0.0172336077153834
129.72888423127893    -6.845977297701966    31.825721683237692    1.6805111049135353 0.26023363150634277 -0.017271342646681228
130.03128256282037    -6.95401010734401    31.823638422251857    1.6714363394773841 0.25574433046638667 -0.017308329110510133
130.3336808943618    -7.068038553882461    31.822214167302526    1.6623501784474126 0.25125236133266443 -0.01734456550391698
130.63607922590327    -7.1880260904304185    31.821462285226122    1.6532526837692225 0.2467577709682902 -0.017380050256440658
130.93847755744468    -7.31393668644068    31.821398906538807    1.6441439174666674 0.24226060626398735 -0.017414781830206828
131.24087588898615    -7.445732381150269    31.822042899279307    1.63502394164448 0.2377609141381578 -0.01744875871993365
131.5432742205276    -7.583371587602407    31.823415835435167    1.6258928184885093 0.23325874153649181 -0.017481979453066752
131.84567255206903    -7.726809303963849    31.825541949218643    1.6167506102621207 0.22875413543063 -0.01751444258987946
132.14807088361047    -7.875996221960843    31.828448086869557    1.6075973793034495 0.22424714281736308 -0.01754614672350348
132.4504692151519    -8.030876266282638    31.832163647646322    1.5984331880251912 0.21973781071817935 -0.017577090479938343
132.75286754669335    -8.191385508206322    31.83672051529703    1.5892580989140057 0.21522618617872796 -0.017607272518218503
133.05526587823482    -8.357452084018426    31.842152979392523    1.580072174527681 0.21071231626778203 -0.017636691530390342
133.35766420977623    -8.528994456501971    31.848497646581666    1.570875477493872 0.206196248076955 -0.01766534624153522
133.6600625413177    -8.70591947890706    31.855793342731992    1.5616680705123587 0.20167802872038562 -0.01769323540988795
133.9624608728591    -8.888122473283369    31.864081007044007    1.552450016356063 0.19715770533488652 -0.01772035782683586
134.26485920440058    -9.075486766572336    31.873403577877635    1.5432213778687134 0.1926353250787534 -0.017746712317010856
134.56725753594202    -9.26788149536412    31.88380586923956    1.533982217964649 0.18811093513147867 -0.0177722977382939
134.86965586748346    -9.465161380213207    31.895334438017557    1.5247325996303953 0.18358458269365455 -0.017797112981923227
135.1720541990249    -9.667168119921199    31.908037443236644    1.5154725859241762 0.1790563149863753 -0.017821156972483567
135.47445253056634    -9.873728947083297    31.92196449835698    1.5062022399722903 0.17452617925021488 -0.017844428668013154
135.77685086210778    -10.084654645088413    31.93716651708962    1.4969216249690396 0.1699942227447912 -0.017866927059970956
136.07924919364922    -10.299741429394112    31.953695553312766    1.4876308041801134 0.16546049274914135 -0.01788865117331837
136.3816475251907    -10.518772478188835    31.97160463618348    1.4783298409424412 0.16092503656110052 -0.017909600066539685
136.6840458567321    -10.741515878528727    31.990947601860043    1.4690187986627077 0.15638790149689547 -0.017929772831711648
136.98644418827354    -10.967724404831515    32.011778922864345    1.4596977408189973 0.1518491348906961 -0.017949168594531065
137.288842519815    -11.1971380806579    32.03415353565689    1.4503667309626447 0.1473087840948086 -0.01796778651434964
137.59124085135645    -11.429484080596364    32.0581266673638    1.4410258327161196 0.14276689647855478 -0.017985625784252925
137.89363918289789    -11.664475766810327    32.083753663052015    1.431675109770195 0.1382235194273892 -0.01800268563112728
138.19603751443933    -11.901814917615658    32.111089814584936    1.4223146258835306 0.13367870034231846 -0.01801896531559947
138.49843584598077    -12.14119300937381    32.14019019150542    1.4129444448833892 0.12913248663959262 -0.01803446413218952
138.8008341775222    -12.382289921012694    32.17110947418862    1.403564630663175 0.12458492574989453 -0.01804918140929082
139.10323250906364    -12.62477525597478    32.203901789758184    1.3941752471770044 0.12003606511683487 -0.01806311650921048
139.40563084060508    -12.868311058174369    32.23862055185418    1.3847763584375397 0.11548595219633755 -0.01807626882812084
139.70802917214652    -13.112551080179053    32.275318305480184    1.3753680285192302 0.11093463445697675 -0.018088637796050893
140.010427503688    -13.357140097071765    32.31404657741619    1.3659503215622595 0.106382159380399 -0.01810022287697447
140.3128258352294    -13.60171667230316    32.3548557322306    1.3565233017748344 0.10182857446121032 -0.01811102356878238
140.61522416677087    -13.84591490029013    32.397794834373265    1.3470870334360396 0.09727392720713383 -0.01812103940338184
140.91762249831228    -14.08936358186584    32.44291151719692    1.33764158089491 0.09271826513810386 -0.01813026994670562
141.22002082985375    -14.331686887471815    32.49025185959258    1.3281870085644565 0.08816163578449127 -0.018138714798823757
141.5224191613952    -14.572506280296563    32.53986027068971    1.3187233809159626 0.08360408668586185 -0.018146373593890232
141.82481749293666    -14.811440786107477    32.591779383002184    1.3092507624773577 0.07904566539023812 -0.018153246000140285
142.12721582447807    -15.048107049187854    32.64604995434904    1.299769217834651 0.07448641945423035 -0.018159331719879254
142.4296141560195    -15.28212087114135    32.70271077869962    1.2902788116324189 0.0699263964425491 -0.018164630489489502
142.73201248756095    -15.513098111215752    32.761798605915764    1.2807796085738676 0.06536564392776543 -0.018169142079407653
143.03441081910242    -15.740654151823255    32.82334807048883    1.2712716734233562 0.06080420949047499 -0.018172866294195174
143.33680915064386    -15.964404469786704    32.88739162963993    1.2617550710078624 0.056242140718865366 -0.018175802972517134
143.6392074821853    -16.183966467275326    32.9539595109836    1.2522298662148803 0.051679485208088585 -0.01817795198718258
143.9416058137267    -16.398959694026466    33.02307966958353    1.24269612399085 0.04711629055938769 -0.018179313245154725
144.24400414526818    -16.609005046082256    33.09477775414867    1.2331539093420067 0.042552604379872315 -0.018179886687538418
144.54640247680962    -16.81372595109189    33.16907708227746    1.2236032873336153 0.03798847428198402 -0.018179672289576346
144.8488008083511    -17.012749909608903    33.24599862460072    1.2140443230880462 0.033423947882617315 -0.018178670060707464
145.1511991398925    -17.205707763442742    33.32556099722938    1.2044770817843549 0.028859072802804593 -0.01817688004449727
145.45359747143394    -17.39223344520857    33.40778046151961    1.1949016286584366 0.024293896667050043 -0.018174302318695438
145.75599580297538    -17.571965661089084    33.49267093063134    1.1853180290010967 0.019728467102783833 -0.018170936995179025
146.05839413451685    -17.74454821516601    33.58024398300802    1.1757263481560642 0.015162831739436305 -0.0181667842199864
146.36079246605829    -17.90962949533793    33.67050888254996    1.1661266515191493 0.010597038207827795 -0.01816184417328337
146.66319079759973    -18.066863852999138    33.7634726046709    1.1565190045371978 0.006031134139823956 -0.018156117069357804
146.96558912914116    -18.215912187096848    33.85913986792959    1.1469034727059022 0.001465167167199968 -0.01814960315655144
147.2679874606826    -18.356440664148316    33.957513171546196    1.1372801215695685 -0.00310081507823982 -0.01814230271731784
147.57038579222404    -18.488121630605683    34.05859283909013    1.127649016723756 -0.007666764964822451 -0.018134216068107795
147.8727841237655    -18.6106355588577    34.16237706832439    1.1180102238173095 -0.012232634860752309 -0.018125343559363103
148.17518245530692    -18.723670182160287    34.268861986815914    1.1083638085534735 -0.016798377134543335 -0.018115685575596997
148.4775807868484    -18.826919889794613    34.37804171270112    1.0987098366907826 -0.021363944155270095 -0.018105242535320525
148.77997911838983    -18.920087410259615    34.4899084203489    1.0890483740445307 -0.025929288292795574 -0.018094014891064672
149.08237744993127    -19.002883857498265    34.60445241073629    1.079379486485005 -0.030494361918688078 -0.018082003129413673
149.3847757814727    -19.0750276203496    34.72166218591293    1.0697032399322446 -0.035059117407646195 -0.0180692077709399
149.68717411301415    -19.136245446397133    34.84152452702947    1.0600197003527254 -0.03962350713860832 -0.018055629370220424
149.9895724445556    -19.186273287205747    34.964024575727386    1.0503289337604647 -0.0441874834945048 -0.018041268515696273
150.29197077609703    -19.224855328579817    35.08914591824557    1.040631006219437 -0.04875099886243552 -0.018026125829712452
150.59436910763847    -19.251744278668347    35.21687067116963    1.0309259838443434 -0.053314005633781324 -0.018010201968485025
150.8967674391799    -19.266702490087102    35.347179567739936    1.02121393280031 -0.0578764562050156 -0.017993497622099407
151.19916577072135    -19.269501770756214    35.48005204352781    1.011494919301214 -0.06243830297823563 -0.017976013514485134
151.50156410226282    -19.259923732908785    35.61546632075113    1.0017690096071967 -0.0669994983621469 -0.017957750403346774
151.80396243380426    -19.237760997211566    35.75339949142607    0.9920362700246437 -0.07155999477233456 -0.01793870908013173
152.1063607653457    -19.202817052212787    35.89382759950485    0.982296766908748 -0.07611974463114919 -0.017918890370037546
152.4087590968871    -19.15490625998519    36.03672572146695    0.9725505666647346 -0.08067870036806082 -0.01789829513194371
152.71115742842858    -19.09385565781217    36.18206804472184    0.9627977357459757 -0.08523681442045265 -0.017876924258403162
153.01355575997002    -19.01950609289027    36.32982794342395    0.9530383406517782 -0.0897940392345235 -0.017854778675649035
153.31595409151146    -18.93171200468179    36.47997805178742    0.9432724479251678 -0.0943503272660148 -0.01783185934346862
153.6183524230529    -18.830342237197357    36.63249033550771    0.9335001241514147 -0.0989056309810722 -0.01780816725518926
153.92075075459434    -18.71528163754571    36.78733616149097    0.9237214359569111 -0.10345990285649086 -0.017783703437635606
154.22314908613578    -18.586431683818446    36.944486365359936    0.9139364500086681 -0.10801309538040432 -0.017758468951041516
154.52554741767722    -18.44371081459691    37.10391131649788    0.9041452330146382 -0.11256516105249482 -0.017732464889032767
154.82794574921869    -18.287055471628275    37.265580980853564    0.8943478517242889 -0.11711605238422439 -0.01770569237854969
155.1303440807601    -18.11642117534669    37.42946498178844    0.8845443729280542 -0.12166572189965183 -0.01767815257981869
155.43274241230156    -17.931783068983506    37.59553265980416    0.8747348634562204 -0.12621412213565203 -0.01764984668632036
155.735140743843    -17.73313627846979    37.763753132194786    0.864919390178934 -0.1307612056424885 -0.017620775924670658
156.03753907538447    -17.52049636667523    37.934095352679705    0.8550980200071836 -0.13530692498394453 -0.017590941554599906
156.33993740692588    -17.29389986995706    38.10652817056258    0.8452708198938617 -0.13985123273751862 -0.0175603448689392
156.64233573846732    -17.05340479680351    38.28102038950309    0.8354378568340698 -0.1443940814949242 -0.01752898719355341
156.94473407000876    -16.799090734440846    38.457540826284564    0.8255991978642002 -0.14893542386275538 -0.01749686988725674
157.2471324015502    -16.531058483482656    38.63605836971367    0.8157549100607489 -0.15347521246295082 -0.01746399434181318
157.54953073309164    -16.249429906122078    38.81654203915117    0.8059050605402454 -0.15801339993337835 -0.017430361981848795
157.8519290646331    -15.954348174812212    38.99896104173541    0.7960497164587259 -0.16254993892831038 -0.017395974264759088
158.15432739617452    -15.645977508438401    39.18328482829512    0.7861889450111058 -0.16708478211895866 -0.01736083268073157
158.456725727716    -15.324502439091187    39.36948314895553    0.7763228134303409 -0.17161788219404348 -0.017324938752621654
158.75912405925743    -14.990127578455398    39.557526108066014    0.7664513889864827 -0.17614919186045938 -0.017288294035873137
159.0615223907989    -14.643077323887944    39.74738421614813    0.7565747389858221 -0.18067866384369563 -0.01725090011850037
159.3639207223403    -14.283594870214845    39.93902843697628    0.7466929307701731 -0.1852062508885173 -0.017212758620960035
159.66631905388178    -13.911941711400548    40.13243022932741    0.7368060317164348 -0.1897319057593232 -0.01717387119613533
159.96871738542322    -13.528397682092429    40.32756158326223    0.7269141092370022 -0.19425558124045364 -0.01713423952924361
160.27111571696463    -13.133260235873873    40.52439505039678    0.7170172307801286 -0.19877723013663057 -0.0170938653377106
160.57351404850607    -12.72684370598931    40.722903767181876    0.7071154638287124 -0.20329680527367014 -0.017052750371188474
160.87591238004754    -12.309479429261133    40.923061470381214    0.6972088758983715 -0.20781425949918142 -0.01701089641145913
161.17831071158895    -11.881515576975888    41.12484250465782    0.6872975345345717 -0.21232954568364262 -0.016968305272311652
161.48070904313042    -11.44331670815175    41.32822182201258    0.677381507310206 -0.2168426167208955 -0.016924978799451134
161.78310737467186    -10.99526395259037    41.53317497225632    0.667460861827235 -0.22135342552833517 -0.016880918870395997
162.08550570621333    -10.537755048069496    41.73967808456082    0.6575356657216603 -0.22586192504600697 -0.01683612739443903
162.38790403775474    -10.071204258450098    41.94770784126358    0.6476059866674398 -0.23036806823679742 -0.01679060631258544
162.6903023692962    -9.596043016073903    42.15724144471925    0.6376718923728797 -0.2348718080877592 -0.016744357597531307
162.99270070083764    -9.112720082115418    42.36825657751367    0.627733450573767 -0.2393730976116991 -0.016697383253523972
163.29509903237908    -8.6217011129019    42.580731356714345    0.6177907290301881 -0.24387188984814612 -0.016649685316230144
163.5974973639205    -8.123469473533737    42.79464428312371    0.6078437955278103 -0.2483681378632219 -0.01660126585266577
163.89989569546196    -7.618527128090892    43.009974186631986    0.5978927178792098 -0.25286179474973997 -0.016552126961044068
164.20229402700338    -7.10739394260088    43.22670016877318    0.5879375639249522 -0.25735281362758583 -0.016502270770804794
164.50469235854484    -6.5906074333569515    43.44480154323358    0.5779784015329852 -0.2618411476441518 -0.016451699442398743
164.80709069008628    -6.068723546365969    43.664257774960625    0.5680152985988435 -0.26632674997471895 -0.016400415167285094
165.10948902162772    -5.542316472638168    43.88504841856193    0.5580483230450679 -0.27080957382298193 -0.016348420167814234
165.41188735316916    -5.011978113246727    44.107153056169125    0.5480775428211214 -0.27528957242143104 -0.01629571669712491
165.71428568471063    -4.478318090994236    44.33055123491518    0.5381030259035132 -0.2797666990317899 -0.016242307039083678
166.01668401625207    -3.941963059172674    44.555222405119316    0.5281248402967202 -0.2842409069452343 -0.016188193508133556
166.3190823477935    -3.4035558058257003    44.781145860528575    0.5181430540330216 -0.2887121494829953 -0.01613337844929441
166.62148067933495    -2.863754935136657    45.00830068135818    0.5081577351687806 -0.2931803799974904 -0.016077864237974127
166.92387901087636    -2.3232338171265683    45.23666568052511    0.49816895178053744 -0.2976455518734471 -0.016021653279880615
167.2262773424178    -1.782679295419242    45.466219353196806    0.4881767719649533 -0.30210761852796203 -0.01596474801087801
167.52867567395927    -1.2427910206344093    45.696939829650645    0.4781812638422987 -0.3065665334102492 -0.015907150896907012
167.8310740055007    -0.7042796765083373    45.92880483199591    0.46818249555871677 -0.3110222500017066 -0.01584886443388362
168.13347233704215    -0.16786483613364506    46.161791635477286    0.4581805352863425 -0.3154747218164183 -0.01578989114762463
168.4358706685836    0.3657254565601681    46.3958770345034    0.44817545122141483 -0.3199239024020084 -0.015730233593758077
168.73826900012503    0.8957560045896343    46.63103731330526    0.4381673115808853 -0.32436974534077867 -0.01566989435758922
169.0406673316665    1.4214878396068746    46.86724822145329    0.42815618459916177 -0.328812204250625 -0.015608876053946522
169.3430656632079    1.942179860613952    47.10448495472951    0.41814213852931637 -0.3332512327847789 -0.015547181327046985
169.64546399474938    2.4570892390808377    47.3427221419798    0.4081252416466164 -0.33768678463184565 -0.015484812850462793
169.94786232629082    2.9654741306041004    47.581933838186494    0.3981055622491917 -0.3421188135160438 -0.015421773326943776
170.25026065783229    3.4665966902145384    47.822093523542925    0.38808316865475384 -0.3465472731984532 -0.015358065488410526
170.5526589893737    3.9597243762156826    48.06317410886883    0.37805812919721243 -0.3509721174778615 -0.015293692095658796
170.85505732091514    4.444131982401583    48.30514794829124    0.3680305122260641 -0.35539330019119725 -0.015228655938367407
171.15745565245658    4.9191045380561675    48.54798685942547    0.35800038610787116 -0.3598107752136397 -0.015162959834898217
171.45985398399802    5.383939432896223    48.79166215051381    0.34796781922707753 -0.36422449645893434 -0.015096606632252582
171.76225231553946    5.837948690981673    49.03614465430623    0.3379328799852703 -0.3686344178799221 -0.015029599205885745
172.06465064708092    6.28046151428279    49.28140476887581    0.3278956368002319 -0.37304049346913165 -0.014961940459607168
172.36704897862234    6.710826439265402    49.52741250520205    0.31785615810580836 -0.3774426772591876 -0.014893633325501273
172.6694473101638    7.128414136361732    49.7741375405659    0.30781451235160884 -0.38184092332321584 -0.01482468076370683
172.97184564170524    7.532620108162604    50.021549276426676    0.29777076800137686 -0.3862351857755896 -0.014755085762369639
173.2742439732467    7.922866188542687    50.2696168999563    0.2877249935328869 -0.3906254187723499 -0.014684851337453144
173.57664230478812    8.298602967060067    50.518309448663594    0.2776772574394214 -0.3950115765112318 -0.014613980532645402
173.87904063632956    8.659312877038879    50.76759587705482    0.26762762822821995 -0.3993936132325745 -0.014542476419247203
174.18143896787097    9.004511320676261    51.01744512430133    0.2575761744166532 -0.40377148322045603 -0.014470342096019717
174.48383729941244    9.333748025822247    51.26782618257545    0.24752296453085063 -0.40814514080297165 -0.014397580688957658
174.78623563095388    9.646610161782721    51.51870816561443    0.23746806710770058 -0.41251454035226537 -0.014324195351246825
175.08863396249535    9.942723362586937    51.77006037648748    0.2274115506972157 -0.41687963628450647 -0.014250189263100597
175.39103229403676    10.221751307494511    52.021852373528176    0.21735348386158912 -0.4212403830606642 -0.014175565631619653
175.69343062557823    10.483398027435507    52.27405403372685    0.20729393517252667 -0.42559673518723323 -0.014100327690706826
175.99582895711967    10.727409809864286    52.526635613135376    0.19723297321163794 -0.4299486472167234 -0.014024478700844296
176.29822728866114    10.95357363421644    52.779567803959374    0.18717066657025608 -0.4342960737479122 -0.013948021949033804
176.60062562020255    11.161716846020642    53.032821787860314    0.17710708384677196 -0.43863896942684366 -0.013870960748587822
176.90302395174402    11.35170891352844    53.28636928513247    0.16704229364548098 -0.4429772889473394 -0.013793298438997178
177.2054222832854    11.523460328957416    53.540182599825    0.15697636457850123 -0.44731098705081007 -0.01371503838577381
177.50782061482687    11.676920253898318    53.79423466062163    0.14690936526530368 -0.4516400185269664 -0.01363618398031141
177.8102189463683    11.812076841491855    54.04849905709462    0.13684136433171568 -0.45596433821420373 -0.013556738639737007
178.11261727790978    11.928956823530184    54.30295007174092    0.12677243041222314 -0.46028390099943256 -0.01347670580678715
178.4150156094512    12.027622143355392    54.55756270891999    0.11670263215227365 -0.4645986618185234 -0.013396088949701776
178.71741394099266    12.108167896980804    54.81231272172403    0.10663203820509079 -0.46890857565711647 -0.013314891562058666
179.0198122725341    12.170722158116872    55.06717663744826    0.09656071722673619 -0.4732135975521703 -0.013233117162571185
179.32221060407554    12.21544364782216    55.322131781754265    0.0864887378745567 -0.4775136825921106 -0.013150769294935576
179.62460893561698    12.24251811699827    55.57715630146171    0.07641616881045137 -0.4818087859167439 -0.013067851527661569
179.92700726715842    12.252156884409223    55.832229186860296    0.06634307870236399 -0.4860988627173745 -0.012984367453988602
180.22940559869988    12.244595768245395    56.0873302951456    0.056269536223389344 -0.49038386823748964 -0.012900320691716292
180.53180393024132    12.220091781358022    56.34244037572071    0.046195610051425924 -0.494663757773132 -0.01281571488300442
180.83420226178274    12.178920042252896    56.59754109683642    0.03612136886792579 -0.498938486673804 -0.01273055369428667
181.13660059332418    12.121372871665995    56.852615072393526    0.026046881352696356 -0.5032080103435411 -0.01264484081605604
181.43899892486561    12.047758208749304    57.10764588830515    0.015972216183851577 -0.5074722842410502 -0.012558579962642995
181.74139725640708    11.958396240561527    57.36261812926352    0.005897442043862061 -0.5117312638790906 -0.01247177487212552
182.04379558794852    11.85361755908713    57.61751740690083    -0.004177372378380259 -0.5159849048246103 -0.012384429306250928
182.34619391948996    11.733762882963353    57.872330388633124    -0.014252158390984544 -0.5202331627000266 -0.012296547050202989
182.6485922510314    11.599180720537554    58.12704482615222    -0.02432684730271108 -0.5244759931842796 -0.012208131912469928
182.95099058257284    11.45022432324436    58.38164958403993    -0.03440137042484022 -0.5287133520134659 -0.012119187724625873
183.2533889141143    11.287251596460546    58.63613466906695    -0.04447565907166561 -0.5329451949811411 -0.012029718341147974
183.55578724565572    11.110625231963247    58.89049125946764    -0.05454964456051504 -0.5371714779387693 -0.011939727639278652
183.8581855771972    10.920710081766474    59.14471173313905    -0.06462325821170041 -0.5413921567959065 -0.011849219518835323
184.1605839087386    10.71787169989834    59.39878969433682    -0.07469643134801884 -0.5456071875206449 -0.011758197902061819
184.46298224028004    10.502477425726651    59.65271999891226    -0.08476909529589081 -0.549816526140271 -0.011666666733461839
184.7653805718215    10.2748953883635    59.906498777939184    -0.09484118138710433 -0.5540201287417521 -0.011574629979608878
185.06777890336295    10.035492471468588    60.160123458809124    -0.10491262096032969 -0.5582179514725203 -0.011482091628946539
185.3701772349044    9.784635800130527    60.41359278294132    -0.11498334536066132 -0.5624099505405494 -0.011389055691635501
185.67257556644583    9.522694089670818    60.6669068201374    -0.12505328593942772 -0.5665960822148304 -0.01129552619940135
185.97497389798727    9.250035361190209    60.920066979244226    -0.13512237405505642 -0.5707763028256633 -0.011201507205297417
186.27737222952874    8.967026582924495    61.17307601403609    -0.1451905410731055 -0.5749505687653442 -0.011107002783570581
186.57977056107015    8.6740363734713    61.425938024189065    -0.15525771836544597 -0.579118836487944 -0.011012017029515457
186.88216889261162    8.371434513759556    61.67865845205032    -0.16532383730999392 -0.5832810625100868 -0.010916554059255776
187.18456722415306    8.059590212467784    61.93124407479635    -0.17538882929093677 -0.5874372034110252 -0.010820618009593129
187.48696555569452    7.738874483440018    62.18370299052439    -0.1854526256986358 -0.5915872158332279 -0.010724213037865882
187.7893638872359    7.4096618794399625    62.43604459719507    -0.19551515793033772 -0.5957310564828665 -0.01062734332174096
188.09176221877738    7.072328542653452    62.688279564418536    -0.20557635739206329 -0.5998686821304958 -0.010530013058998354
188.3941605503188    6.727252592008768    62.940419798771295    -0.21563615549848003 -0.6040000496113417 -0.010432226467386986
188.69655888186026    6.374816548026597    63.19247840278822    -0.22569448367158754 -0.6081251158253701 -0.010333987784425805
188.9989572134017    6.015406472553438    63.444469626927884    -0.23575127333982693 -0.6122438377375622 -0.010235301267280582
189.30135554494316    5.649411267645765    63.69640881461322    -0.2458064559386009 -0.6163561723785694 -0.010136171192547777
189.60375387648457    5.277224973247121    63.94831234126966    -0.2558599629112457 -0.6204620768451762 -0.010036601856090482
189.90615220802604    4.899246802116025    64.2001975473795    -0.2659117257111724 -0.6245615083011534 -0.009936597572813295
190.20855053956748    4.515879352987264    64.45208266521422    -0.2759616758043415 -0.6286544239780818 -0.009836162676510808
190.51094887110895    4.127530158018401    64.70398674024969    -0.2860097446702718 -0.6327407811757078 -0.009735301519585295
190.81334720265036    3.734613373175246    64.95592954914747    -0.296055863801152 -0.6368205372620055 -0.009634018472938882
191.11574553419177    3.3375481956212485    65.20793151608821    -0.3060999647001125 -0.6408936496734257 -0.009532317925753736
191.4181438657332    2.9367584029263565    65.46001362883382    -0.3161419788820977 -0.6449600759154176 -0.00943020428534612
191.72054219727468    2.532674101615208    65.71219735465742    -0.32618183787659966 -0.649019773563338 -0.009327681976938116
192.02294052881612    2.1257318934666696    65.96450455528097    -0.336219473228836 -0.6530727002628935 -0.009224755443412672
192.3253388603576    1.716374198139606    66.21695740057778    -0.34625481649956663 -0.6571188137303979 -0.009121429145215519
192.627737191899    1.3050498586591281    66.4695782817711    -0.3562877992649574 -0.661158071752999 -0.009017707560096195
192.93013552344047    0.8922146214991489    66.72238972509413    -0.36631835311524386 -0.665190432188955 -0.008913595182891847
193.2325338549819    0.47833090757225266    66.97541430652531    -0.37634640965286387 -0.6692158529676332 -0.008809096525489874
193.53493218652335    0.06386785380028882    67.22867456736451    -0.3863719004938911 -0.6732342920905365 -0.008704216116557473
193.8373305180648    -0.35069854238957354    67.48219293025186    -0.39639475727271806 -0.6772457076324467 -0.008598958501301296
194.13972884960623    -0.7648855497103331    67.73599161628431    -0.4064149116473492 -0.6812500577426246 -0.008493328241232608
194.44212718114764    -1.1782040526530098    67.99009256399138    -0.4164322952992012 -0.6852473006446851 -0.008387329913967043
194.7445255126891    -1.590158781702687    68.24451734981693    -0.4264468399287381 -0.6892373946361738 -0.008280968113045836
195.04692384423055    -2.0002482454437533    68.49928710970077    -0.43645847725191805 -0.6932202980884551 -0.00817424744778036
195.349322175772    -2.4079654705458893    68.75442246210847    -0.4464671390003638 -0.6971959694472396 -0.008067172543088422
195.65172050731343    -2.812799329898079    69.00994343282676    -0.45647275692516726 -0.701164367233988 -0.007959748039308797
195.9541188388549    -3.214234562935534    69.26586938165025    -0.46647526280133483 -0.7051254500467725 -0.007851978591866728
196.25651717039634    -3.6117520118840996    69.52221893135903    -0.4764745884307438 -0.7090791765610839 -0.007743868871106155
196.55891550193778    -4.004830730106559    69.77900989984907    -0.4864706656416475 -0.7130255055297998 -0.007635423562050414
196.86131383347922    -4.392948812212691    70.03625923645198    -0.4964634262849694 -0.7169643957827094 -0.007526647364227498
197.16371216502066    -4.77558301802996    70.2939829626373    -0.5064528022309389 -0.7208958062264398 -0.007417544991534582
197.46611049656212    -5.152211018788448    70.55219611638023    -0.5164387253689425 -0.7248196958449553 -0.00730812117205809
197.76850882810353    -5.522313487136262    70.81091270020399    -0.5264211276088411 -0.7287360237002 -0.00719838064783756
198.07090715964497    -5.88537339828922    71.0701456335486    -0.5363999408834669 -0.7326447489330582 -0.007088328174678368
198.37330549118641    -6.240877456347329    71.32990670911131    -0.5463750971516553 -0.7365458307641188 -0.0069779685218847535
198.67570382272788    -6.588319132618652    71.59020655264467    -0.5563465283986019 -0.7404392284938461 -0.006867306472041084
198.9781021542693    -6.927198159690919    71.85105458717572    -0.5663141666352666 -0.7443249015030237 -0.00675634682083563
199.28050048581073    -7.25702066152115    72.11245900294705    -0.5762779438996221 -0.7482028092531554 -0.006645094376883778
199.5828988173522    -7.577302959553199    72.37442673334303    -0.5862377922589613 -0.7520729112873177 -0.006533553961408641
199.88529714889364    -7.887572773425291    72.63696343627383    -0.5961936438105828 -0.7559351672304163 -0.006421730408091476
200.18769548043508    -8.18736837543908    72.9000734804985    -0.6061454306802491 -0.759789536789104 -0.0063096285628226004
200.49009381197655    -8.476241013618143    73.16375993704928    -0.6160930850217758 -0.7636359797519804 -0.006197253283571022
200.792492143518    -8.753756668351237    73.42802457621913    -0.6260365390128403 -0.7674744559893998 -0.0060846094401574785
201.09489047505946    -9.019495440686155    73.6928678693253    -0.6359757248549379 -0.7713049254538759 -0.005971701914100695
201.39728880660084    -9.273053688949073    73.95828899383926    -0.6459105747739493 -0.7751273481808686 -0.005858535598416223
201.6996871381423    -9.514046301966934    74.22428584174094    -0.6558410210251623 -0.7789416842901926 -0.00574511539735086
202.00208546968372    -9.742105958235836    74.4908550312151    -0.6657669958983568 -0.7827478939869672 -0.005631446226149625
202.30448380122516    -9.95688477148134    74.75799192073912    -0.6756884317163744 -0.7865459375613887 -0.005517533010765437
202.6068821327666    -10.158057393936176    75.0256906244541    -0.6856052608320453 -0.7903357753885738 -0.005403380687789493
202.90928046430807    -10.345320412168157    75.29394402787715    -0.6955174156279149 -0.7941173679291746 -0.005288994204147568
203.2116787958495    -10.518392864320559    75.56274380286906    -0.7054248285186175 -0.7978906757300687 -0.005174378516943395
203.51407712739098    -10.677019988707595    75.83208042141403    -0.7153274319535924 -0.8016556594252071 -0.005059538593215961
203.81647545893242    -10.820973877943755    76.10194316814689    -0.7252251584175438 -0.8054122797358443 -0.004944479409682642
204.11887379047386    -10.950053062459666    76.37232015082891    -0.7351179404296466 -0.8091604974706538 -0.004829205952534477
204.42127212201527    -11.064085747851568    76.64319830817539    -0.7450057105437863 -0.8129002735261874 -0.004713723217256884
204.72367045355674    -11.162931851636518    76.91456341588226    -0.75488840134832 -0.8166315688871303 -0.004598036208391878
205.02606878509815    -11.246482645851597    77.18640009272985    -0.7647659454674386 -0.8203543446268974 -0.004482149939314706
205.3284671166396    -11.314662702926244    77.45869180885178    -0.7746382755614054 -0.8240685619078687 -0.004366069432026814
205.63086544818103    -11.367431900359929    77.73142089692425    -0.784505324326318 -0.8277741819818112 -0.004249799716963024
205.9332637797225    -11.404785516482962    78.00456856485286    -0.7943670244943244 -0.8314711661900761 -0.004133345832725824
206.23566211126393    -11.426755836299362    78.27811490912141    -0.8042233088342494 -0.8351594759641426 -0.0040167128259085355
206.5380604428054    -11.43341347932797    78.55203893044002    -0.8140741101516128 -0.8388390728258309 -0.0038999057508599918
206.84045877434684    -11.424866435044237    78.82631855366398    -0.8239193612884171 -0.8425099183876052 -0.0037829296694441646
207.14285710588825    -11.401260948985975    79.10093065293532    -0.8337589951234227 -0.8461719743531265 -0.0036657896509511463
207.4452554374297    -11.36278312598289    79.37585108298428    -0.8435929445730349 -0.8498252025176533 -0.0035484907716909087
207.74765376897116    -11.309657136569319    79.65105471715184    -0.8534211425924091 -0.8534695647684599 -0.0034310381149246687
208.0500521005126    -11.242143884765461    79.9265154915946    -0.8632435221756855 -0.857105023085238 -0.0033134367704840224
208.352450432054    -11.16054209314184    80.20220645482813    -0.8730600163562137 -0.8607315395404127 -0.003195691834779325
208.65484876359545    -11.065187143745558    80.47809982195704    -0.8828705582053707 -0.8643490762991287 -0.003077808410035905
208.95724709513692    -10.956448380589462    80.7541670332683    -0.8926750808315347 -0.8679575956196539 -0.0029597916055631064
209.25964542667836    -10.834728208206414    81.03037881716553    -0.902473517380572 -0.871557059853903 -0.0028416465354711195
209.56204375821983    -10.700460846028138    81.30670525655077    -0.9122658010390281 -0.8751474314484142 -0.0027233783198122035
209.86444208976127    -10.554109803923838    81.58311585713528    -0.9220518650370347 -0.8787286729450798 -0.002604992083932548
210.16684042130268    -10.39616589758173    81.85957961724652    -0.9318316426483482 -0.8823007469812746 -0.002486492958322644
210.46923875284412    -10.227145146000488    82.1360650986497    -0.9416050671901999 -0.8858636162901283 -0.0023678860783250713
210.7716370843856    -10.047586447708726    82.41254049575632    -0.9513720720240857 -0.88941724370099 -0.002249176583959085
211.07403541592703    -9.858049759345583    82.68897370028438    -0.9611325905569575 -0.8929615921400041 -0.00213036961965291
211.37643374746847    -9.659113459568772    82.96533236032732    -0.970886556241203 -0.8964966246302197 -0.002011470334059214
211.67883207900988    -9.451371675440432    83.24158393367769    -0.980633902574271 -0.9000223042918499 -0.0018924838798342976
211.98123041055135    -9.235433195330796    83.51769573488136    -0.9903745630985857 -0.9035385943426752 -0.001773415413379347
212.2836287420928    -9.011919704359828    83.79363497531314    -1.000108471402116 -0.9070454580983482 -0.001654270094681658
212.58602707363423    -8.781462976318286    84.06936879611695    -1.009835561118825 -0.9105428589728574 -0.0015350530870325712
212.8884254051757    -8.544703729917872    84.34486429514244    -1.019555765929211 -0.9140307604789714 -0.0014157695568464306
213.1908237367171    -8.302290678151929    84.62008854937004    -1.0292690195613574 -0.9175091262287443 -0.0012964246734020722
213.49322206825855    -8.054878016461547    84.89500863280432    -1.0389752557923866 -0.9209779199338125 -0.0011770236086454538
213.79562039980001    -7.803123960808262    85.16959162910562    -1.0486744084484485 -0.9244371054059061 -0.0010575715368913326
214.09801873134145    -7.54769044576533    85.44380463921297    -1.0583664114026807 -0.9278866465563352 -0.0009380736346856615
214.4004170628829    -7.2892416434859    85.71761478434554    -1.068051198573459 -0.9313265073964669 -0.0008185350806079443
214.70281539442436    -7.028442368952983    85.99098920433141    -1.0777287039246286 -0.9347566520379901 -0.0006989610550456025
215.0052137259658    -6.765957351642997    86.26389505181739    -1.0873988614666337 -0.9381770446937974 -0.0005793567399880171
215.3076120575072    -6.502450256385645    86.53629948341319    -1.0970616052608597 -0.9415876496790236 -0.00045972731872316304
215.61001038904865    -6.238582657544978    86.80816964857941    -1.1067168694236973 -0.9449884314118876 -0.00034007797557325775
215.91240872059012    -5.9750130329974445    87.07947267695657    -1.1163645881266642 -0.9483793544135675 -0.0002204138956752403
216.21480705213153    -5.71239540443652    87.3501756644576    -1.1260046955921998 -0.951760383307685 -0.00010074026480349986
216.51720538367297    -5.451378631282518    87.62024565776831    -1.135637126090933 -0.9551314828203432 1.893773081601608e-05
216.8196037152144    -5.192605730139372    87.88964963670793    -1.145261813942683 -0.958492617780963 0.00013861490474741206
217.12200204675588    -4.936712141797581    88.15835449377818    -1.1548786935199908 -0.9618437531230035 0.0002582860705762717
217.42440037829732    -4.6843248743282455    88.42632701047556    -1.1644876992500213 -0.9651848538847404 0.0003779460421012406
217.7267987098388    -4.436062320559559    88.69353383098985    -1.1740887656153132 -0.9685158852094848 0.0004975896336956815
218.02919704138023    -4.192532420959706    88.95994143409347    -1.1836818271540435 -0.971836812345896 0.0006172116604262229
218.33159537292167    -3.954331426925787    89.22551610289929    -1.1932668184601327 -0.975147600648166 0.0007368069383098715
218.63399370446308    -3.722044568561423    89.4902238920581    -1.2028436741832411 -0.9784482155764348 0.0008563702845556623
218.93639203600455    -3.4962448223119593    89.75403059283674    -1.2124123290300353 -0.9817386226972615 0.0009758965177353104
219.23879036754596    -3.2774905472188647    90.01690169671282    -1.221972717764484 -0.9850187876836598 0.001095380458088166
219.5411886990874    -3.0663258981046915    90.2788023579636    -1.2315247752060607 -0.9882886763152704 0.0012148169276735713
219.84358703062884    -2.8632812564891283    90.53969735581447    -1.2410684362289055 -0.9915482544784728 0.0013342007505925898
220.1459853621703    -2.668871148493035    90.79955105621124    -1.2506036357624322 -0.9947974881669446 0.0014535267531905836
220.44838369371175    -2.4835933187398727    91.0583273730287    -1.2601303087932036 -0.9980363434822502 0.0015727897643316613
220.75078202525322    -2.3079296338785817    91.31598972909588    -1.2696483903661666 -1.0012647866341933 0.0016919846155677596
221.05318035679466    -2.1423456481307275    91.57250101840027    -1.2791578155842804 -1.0044827839412493 0.0018111061414304579
221.35557868833607    -1.987289336108721    91.82782357154743    -1.2886585196091405 -1.0076903018306833 0.0019301491796361867
221.6579770198775    -1.8431908401363175    92.0819191263649    -1.2981504376601423 -1.0108873068387905 0.002049108571251292
221.96037535141892    -1.7104625837600895    92.33474880454177    -1.3076335050136128 -1.0140737656112233 0.002167979160954532
222.26277368296036    -1.5894987068975055    92.58627309471038    -1.3171076570051268 -1.0172496449038169 0.0022867557972218134
222.56517201450183    -1.4806738700699669    92.83645184263109    -1.3265728290345602 -1.0204149115837169 0.0024054333326833884
222.86757034604327    -1.3843428042821764    93.0852442487599    -1.3360289565682462 -1.0235695326296317 0.002524006624296398
223.16996867758473    -1.3008407261700852    93.33260887297166    -1.3454759751374663 -1.0267134751316 0.0026424705335798006
223.47236700912617    -1.2304819109279328    93.5785036466633    -1.3549138203363937 -1.0298467062909213 0.002760819926825203
223.77476534066764    -1.1735572996818422    93.82288589308433    -1.3643424278208076 -1.0329691934202987 0.002879049675248634
224.07716367220908    -1.1303349572650672    94.06571235665527    -1.3737617333083791 -1.0360809039441694 0.0029971546553226765
224.3795620037505    -1.1010603881031098    94.30693924118714    -1.383171672579123 -1.0391818053992539 0.0031151297488355833
224.68196033529193    -1.0859533068484912    94.54652225599722    -1.3925721814766103 -1.0422718654350598 0.003232969843216767
224.9843586668334    -1.0852061498732382    94.78441666904529    -1.401963195909321 -1.0453510518142932 0.0033506698317831637
225.28675699837484    -1.0989854521410523    95.02057736680693    -1.411344651851872 -1.0484193324132633 0.0034682246139010977
225.58915532991625    -1.1274298148879014    95.2549589202644    -1.4207164853447856 -1.051476675222161 0.0035856290952758748
225.8915536614577    -1.1706467721797726    95.48751565583608    -1.430078632495758 -1.0545230483455423 0.0037028781881128137
226.19395199299916    -1.2287136474621654    95.71820173045373    -1.4394310294802881 -1.0575584200024006 0.0038199668114219875
226.4963503245406    -1.3016771795687807    95.94697121018748    -1.448773612539775 -1.0605827585263292 0.003936889891117236
226.79874865608204    -1.389550304866572    96.17377815143762    -1.4581063179806115 -1.063596032365582 0.004053642360293698
227.1011469876235    -1.4923127399176521    96.39857668364614    -1.4674290821752547 -1.0665982100835725 0.004170219159437569
227.40354531916492    -1.6099127885364162    96.62132109249262    -1.4767418415623597 -1.0695892603593635 0.004286615236593621
227.70594365070636    -1.7422643898126635    96.84196590231136    -1.4860445326476175 -1.0725691519879557 0.004402825547610275
228.00834198224783    -1.8892452507796935    97.06046595667713    -1.4953370920055846 -1.0755378538811342 0.004518845056438808
228.31074031378927    -2.0506999211007457    97.2767764965932    -1.5046194562822504 -1.0784953350679527 0.004634668735274266
228.6131386453307    -2.226440930804163    97.49085323627033    -1.5138915621965305 -1.0814415646951498 0.004750291564874721
228.91553697687212    -2.416246919679903    97.7026524371043    -1.5231533465401006 -1.0843765120272397 0.004865708534714109
229.2179353084136    -2.61986367754433    97.91213098033919    -1.5324047461761856 -1.0873001464464478 0.0049809146431943835
229.52033363995503    -2.837006812307589    98.11924643831142    -1.5416456980390445 -1.0902124374529918 0.005095904897903354
229.82273197149647    -3.067362167626782    98.32395714441282    -1.5508761391339583 -1.0931133546652714 0.005210674315752459
230.12513030303793    -3.310586668161904    98.5262222619267    -1.5600960065389593 -1.0960028678205385 0.005325217923227607
230.42752863457935    -3.566311306815396    98.72600185096167    -1.56930523740662 -1.0988809467754184 0.005439530756686266
230.7299269661208    -3.8341429561442353    98.9232569326425    -1.5785037689642065 -1.1017475615057997 0.005553607862442014
231.03232529766223    -4.113664961106022    99.11794955041371    -1.5876915385117794 -1.1046026821067885 0.0056674442970736025
231.3347236292037    -4.404440032726421    99.31004282857288    -1.5968684834176283 -1.107446278792056 0.005781035127550909
231.63712196074513    -4.706014186614455    99.49950102901417    -1.6060345411157617 -1.1102783218942713 0.005894375431318867
231.9395202922866    -5.017918164379511    99.68628960819404    -1.6151896491096465 -1.113098781866456 0.006007460296655356
232.24191862382798    -5.339668706129828    99.87037527547348    -1.624333744978241 -1.115907629283147 0.0061202848228911425
232.54431695536945    -5.670772804814312    100.05172605220028    -1.6334667663801943 -1.1187048348411397 0.006232844120693637
232.8467152869109    -6.010731322992455    100.23031133012564    -1.6425886510536072 -1.1214903693592444 0.006345133312289285
233.14911361845236    -6.359039713569606    100.4061019282825    -1.6516993368139758 -1.1242642037782937 0.006457147531612469
233.45151194999377    -6.715190223657791    100.57907014926226    -1.660798761553796 -1.127026309161085 0.006568881924552957
233.7539102815352    -7.078676209424099    100.74918983711166    -1.6698868632425885 -1.1297766566926724 0.006680331649090117
234.05630861307665    -7.448994171390624    100.91643643725064    -1.6789635799257305 -1.132515217680324 0.0067914918755470274
234.35870694461812    -7.825644758156951    101.08078705675065    -1.688028849724057 -1.1352419635539877 0.006902357786770638
234.66110527615956    -8.208136095368385    101.24222052442799    -1.6970826108356067 -1.1379568658666446 0.00701292457833426
234.96350360770103    -8.595986528913771    101.40071745172435    -1.7061248015368686 -1.1406598962949388 0.007123187458781097
235.26590193924247    -8.988724920518534    101.55626029461895    -1.7151553601827418 -1.14335102663904 0.007233141649832988
235.56830027078388    -9.385892073886023    101.70883341607399    -1.7241742252057175 -1.146030228822929 0.007342782386524941
235.87069860232532    -9.78704358885707    101.85842314872512    -1.7331813351154821 -1.1486974748944525 0.007452104917495966
236.17309693386673    -10.19175078696264    102.00501785756485    -1.7421766284987377 -1.151352737025882 0.007561104505105344
236.47549526540817    -10.59960049402293    102.14860800205564    -1.7511600440196544 -1.1539959875140202 0.007669776425663102
236.77789359694964    -11.01019628274017    102.2891861959523    -1.7601315204220533 -1.1566271987812327 0.0077781159697027265
237.08029192849108    -11.423159789426395    102.42674726240168    -1.7690909965333876 -1.159246343376152 0.007886118442122093
237.38269026003255    -11.838130336254148    102.56128828377653    -1.778038411267082 -1.161853393973925 0.007993779162521867
237.685088591574    -12.254764710745583    102.69280864783943    -1.7869737036214957 -1.1644483233761562 0.00810109346533908
237.98748692311543    -12.672738100974042    102.82131009137174    -1.7958968126784598 -1.1670311045107014 0.008208056700019522
238.2898852546569    -13.091743860117385    102.94679674147359    -1.8048076776031658 -1.169601710431967 0.008314664231250626
238.5922835861983    -13.511492263310036    103.06927515457382    -1.8137062376433795 -1.1721601143210723 0.008420911439092814
238.89468191773975    -13.931710912346679    103.18875435209645    -1.822592432128919 -1.1747062894861182 0.008526793719236524
239.19708024928116    -14.352144677495058    103.30524585092073    -1.8314662004725641 -1.1772402093626888 0.008632306483149653
239.4994785808226    -14.772552857152686    103.41876368775003    -1.8403274821715283 -1.1797618475142366 0.008737445158293958
239.80187691236407    -15.192708092562745    103.52932443752796    -1.8491762168084476 -1.1822711776324932 0.008842205188391846
240.1042752439055    -15.612397878154596    103.63694722627821    -1.8580123440517136 -1.1847681735376583 0.008946582033523444
240.40667357544697    -16.031422545470104    103.7416537387985    -1.866835803655798 -1.1872528091785548 0.009050571170381445
240.7090719069884    -16.449591729469482    103.84346822079306    -1.8756465354621665 -1.1897250586331969 0.00915416809250452
241.01147023852985    -16.866725025245497    103.94241747466835    -1.8844444794004973 -1.1921848961089612 0.009257368310418694
241.31386857007132    -17.282651589019075    104.03853084910594    -1.8932295754888002 -1.1946322959428157 0.009360167351839529
241.61626690161273    -17.697205849538378    104.13184022212526    -1.9020017638329183 -1.1970672326013538 0.009462560761901306
