0.0    0.0015180626601192476    0.12958814899286228    0.13110621165298153
0.30239833154144274    0.0015193404551675056    0.12958687067169536    0.13110621112686285
0.6047966630828855    0.0015214587585221275    0.1295847514683353    0.13110621022685745
0.9071949946243281    0.0015243997906767657    0.12958180932224597    0.13110620911292273
1.209593326165771    0.0015281397410539038    0.1295780680547526    0.1311062077958065
1.5119916577072137    0.0015326492175938688    0.12957355699592607    0.13110620621351993
1.8143899892486561    0.0015378931198366565    0.12956831133691468    0.13110620445675134
2.116788320790099    0.0015438314193632677    0.12956237114413996    0.13110620256350322
2.419186652331542    0.0015504197199048368    0.1295557807654834    0.13110620048538824
2.721584983872984    0.0015576093455618868    0.12954858896235577    0.13110619830791767
3.0239833154144273    0.001565348305742103    0.12954084782145311    0.1311061961271952
3.3263816469558702    0.0015735824075549564    0.12953261151769402    0.13110619392524897
3.6287799784973123    0.0015822556478290177    0.1295239360932707    0.13110619174109972
3.9311783100387556    0.0015913108947770095    0.1295148787601289    0.13110618965490592
4.233576641580198    0.0016006908431946062    0.12950549681954585    0.13110618766274046
4.5359749731216406    0.0016103384293869108    0.12949584733990005    0.13110618576928695
4.838373304663084    0.0016201972164701824    0.12948598680264056    0.13110618401911076
5.140771636204526    0.00163021205208226    0.12947597037273298    0.13110618242481523
5.443169967745968    0.0016403295556116752    0.1294658514419714    0.13110618099758306
5.745568299287412    0.001650498457267901    0.12945568127098128    0.13110617972824917
6.047966630828855    0.0016606697086574795    0.12944550886240097    0.13110617857105844
6.350364962370297    0.0016707964358931753    0.12943538111848524    0.13110617755437842
6.6527632939117405    0.001680834396706975    0.12942534233662353    0.1311061767333305
6.955161625453182    0.0016907425449757662    0.1294154335184274    0.13110617606340316
7.2575599569946245    0.0017004829155765403    0.12940569259609494    0.13110617551167147
7.559958288536068    0.0017100205420567496    0.1293961545741281    0.13110617511618483
7.862356620077511    0.0017193238135378899    0.12938685105277953    0.13110617486631743
8.164754951618955    0.0017283645669874052    0.1293778101786213    0.1311061747456087
8.467153283160396    0.001737118154420889    0.12936905664410217    0.13110617479852307
8.769551614701838    0.0017455638920327134    0.12936061114330658    0.13110617503533928
9.071949946243281    0.0017536853300028359    0.12935249012886813    0.13110617545887096
9.374348277784724    0.0017614704786239974    0.12934470565282327    0.13110617613144726
9.676746609326168    0.001768912396084667    0.12933726467938975    0.13110617707547442
9.979144940867611    0.001776009573201798    0.12933016871868397    0.13110617829188576
10.281543272409053    0.0017827662143588708    0.12932341364602556    0.13110617986038445
10.583941603950494    0.0017891929902532123    0.12931698883945128    0.1311061818297045
10.886339935491936    0.0017953076004101735    0.12931087657673648    0.13110618417714665
11.188738267033381    0.001801134892591734    0.1293050520523966    0.13110618694498832
11.491136598574824    0.0018067073470101436    0.12929948283786666    0.1311061901848768
11.793534930116266    0.0018120655400624365    0.12929412830128859    0.13110619384135103
12.09593326165771    0.0018172577946032017    0.12928894005176736    0.13110619784637056
12.398331593199151    0.001822339623145896    0.12928386254888802    0.13110620217203392
12.700729924740594    0.0018273734242980455    0.1292788333392436    0.13110620676354162
13.003128256282038    0.0018324279729969196    0.12927378355700941    0.13110621153000634
13.305526587823481    0.0018375774335284514    0.12926863888966786    0.1311062163231963
13.607924919364924    0.0018428997302956857    0.12926332120269643    0.13110622093299212
13.910323250906364    0.0018484743758850205    0.12925775080428883    0.13110622518017387
14.212721582447807    0.0018543804006796605    0.12925184850600507    0.13110622890668475
14.515119913989249    0.001860694383634036    0.12924553752290907    0.1311062319065431
14.817518245530692    0.0018674882248242669    0.12923874578552652    0.1311062340103508
15.119916577072136    0.001874827180191762    0.1292314079350125    0.13110623511520428
15.42231490861358    0.0018827683286499364    0.12922346674386143    0.13110623507251137
15.724713240155022    0.0018913587786991827    0.12921487493644523    0.1311062337151444
16.027111571696462    0.00190063381403817    0.12920559714664823    0.1311062309606864
16.32950990323791    0.0019106157553059723    0.12919561102447338    0.13110622677977934
16.631908234779353    0.0019213134138519345    0.12918490772891242    0.13110622114276435
16.934306566320792    0.0019327216551163324    0.12917349235625733    0.13110621401137365
17.236704897862236    0.0019448209779084004    0.12916138439299163    0.13110620537090004
17.539103229403675    0.0019575775421762187    0.12914861778850506    0.13110619533068127
17.84150156094512    0.0019709443690130507    0.129135239719524    0.13110618408853705
18.143899892486562    0.0019848632997109214    0.12912130845446285    0.13110617175417377
18.446298224028006    0.001999266466019341    0.12910689193635397    0.1311061584023733
18.74869655556945    0.0020140776668441957    0.12909206657996763    0.13110614424681183
19.05109488711089    0.0020292148707130356    0.1290769146847103    0.13110612955542333
19.353493218652336    0.0020445932991277624    0.12906152121956424    0.131106114518692
19.655891550193775    0.002060128022832739    0.12904597127640918    0.1311060992992419
19.958289881735222    0.0020757362065402752    0.12903034786053083    0.1311060840670711
20.260688213276666    0.0020913393304299284    0.12901472966505997    0.1311060689954899
20.563086544818105    0.0021068654431294805    0.12899918882649633    0.13110605426962582
20.865484876359545    0.0021222513910523024    0.1289837886378994    0.13110604002895168
21.16788320790099    0.0021374446339327427    0.1289685817456512    0.13110602637958396
21.470281539442432    0.002152404762696788    0.12895360871373582    0.1311060134764326
21.772679870983872    0.002167105131666535    0.12893889629088065    0.1311060014225472
22.07507820252532    0.0021815338489223203    0.1289244563347922    0.1311059901837145
22.377476534066762    0.002195693583408997    0.12891028615734526    0.13110597974075425
22.679874865608202    0.0022096012145725766    0.12889636891229497    0.13110597012686756
22.98227319714965    0.0022232876014895552    0.12888267367930162    0.13110596128079116
23.284671528691092    0.0022367965152653687    0.12886915655785597    0.13110595307312134
23.587069860232532    0.0022501828180502784    0.1288557625805389    0.1311059453985892
23.88946819177397    0.0022635105631394854    0.1288424275796231    0.13110593814276258
24.19186652331542    0.002276850962270337    0.1288290802164248    0.13110593117869515
24.494264854856862    0.0022902801427088404    0.12881564422179623    0.13110592436450508
24.796663186398302    0.002303876620268184    0.12880204088838612    0.1311059175086543
25.09906151793975    0.0023177184186711735    0.12878819203971587    0.13110591045838704
25.40145984948119    0.0023318804944231194    0.12877402263381868    0.1311059031282418
25.70385818102263    0.0023464326059054004    0.12875946275745037    0.13110589536335576
26.006256512564075    0.002361436761057044    0.12874445021581266    0.1311058869768697
26.308654844105515    0.0023769445107983    0.1287289333681569    0.13110587787895522
26.611053175646962    0.002392994946638249    0.12871287303300027    0.13110586797963852
26.9134515071884    0.0024096128851546278    0.12869624425839832    0.13110585714355294
27.21584983872985    0.0024268070080020404    0.1286790383228919    0.13110584533089395
27.51824817027129    0.002444568871129893    0.12866126370792322    0.13110583257905312
27.82064650181273    0.0024628727229707346    0.12864294617469432    0.13110581889766507
28.123044833354175    0.002481675406889451    0.1286241289006767    0.13110580430756616
28.425443164895615    0.002500916511420175    0.1286048723685399    0.13110578887996008
28.72784149643706    0.002520519191120451    0.1285852535717619    0.13110577276288235
29.030239827978498    0.0025403919810337763    0.12856536422489673    0.1311057562059305
29.332638159519945    0.0025604315592158353    0.12854530786589108    0.13110573942510692
29.635036491061385    0.0025805253779546977    0.12852519717448868    0.13110572255244338
29.937434822602825    0.002600553895518338    0.12850515194092524    0.13110570583644357
30.23983315414427    0.00262039377956856    0.12848529586137597    0.13110568964094452
30.54223148568572    0.0026399220281836753    0.12846575219914305    0.13110567422732672
30.84462981722716    0.002659019435878061    0.12844664035086484    0.1311056597867429
31.147028148768605    0.0026775734096038226    0.12842807314269936    0.13110564655230317
31.449426480310045    0.0026954808559620336    0.12841015386699073    0.13110563472295275
31.751824811851485    0.002712650740345839    0.12839297370054178    0.13110562444088764
32.054223143392925    0.0027290060510332657    0.12837660976644952    0.13110561581748278
32.35662147493437    0.0027444852201352465    0.1283611236704447    0.13110560889057993
32.65901980647582    0.0027590428412360983    0.12834656084719923    0.13110560368843532
32.96141813801726    0.002772650133628158    0.128332950127611    0.13110560026123916
33.263816469558705    0.002785295244087685    0.12832030329882352    0.1311055985429112
33.566214801100145    0.002796982504152006    0.12830861589132594    0.13110559839547795
33.868613132641585    0.0028077309953499128    0.12829786875712768    0.1311055997524776
34.171011464183024    0.0028175733383914506    0.1282880291465592    0.13110560248495065
34.47340979572447    0.0028265538566449996    0.12827905247105095    0.13110560632769594
34.77580812726591    0.0028347256780161716    0.1282708853896878    0.131105611067704
35.07820645880735    0.0028421480789297925    0.12826346848018214    0.13110561655911193
35.3806047903488    0.0028488843488173234    0.12825673826819528    0.1311056226170126
35.68300312189024    0.002854999540296464    0.12825062953580849    0.13110562907610496
35.98540145343168    0.0028605583764205636    0.12824507741145286    0.13110563578787343
36.287799784973124    0.0028656232685685436    0.12824001928952067    0.1311056425580892
36.59019811651457    0.0028702521598065775    0.12823539709155288    0.13110564925135945
36.89259644805601    0.0028744968918634024    0.12823115890766967    0.13110565579953307
37.19499477959746    0.002878402156865419    0.12822725992592024    0.13110566208278565
37.4973931111389    0.0028820043334144333    0.12822366368109583    0.13110566801451026
37.79979144268034    0.002885330733249353    0.12822034287315315    0.1311056736064025
38.10218977422178    0.002888399649058844    0.12821727918186743    0.13110567883092628
38.404588105763224    0.002891220331318163    0.12821446331205455    0.13110568364337272
38.70698643730467    0.0028937930054850815    0.12821189509496353    0.13110568810044862
39.00938476884612    0.0028961096867418227    0.12820958258031726    0.13110569226705907
39.31178310038755    0.002898155200666787    0.12820754095567474    0.13110569615634152
39.614181431929    0.002899907934625196    0.12820579189033365    0.13110569982495884
39.916579763470445    0.0029013408787234643    0.12820436248231015    0.1311057033610336
40.218978095011884    0.002902422932917105    0.1282032838850327    0.13110570681794978
40.52137642655333    0.0029031200318336255    0.1282025902051547    0.13110571023698833
40.82377475809477    0.002903396124995098    0.12820231752995492    0.13110571365495002
41.12617308963621    0.0029032141490199803    0.12820250297269825    0.13110571712171823
41.42857142117766    0.0029025371574661193    0.1282031835577556    0.1311057207152217
41.73096975271909    0.0029013295903759038    0.1282043948816529    0.13110572447202878
42.03336808426054    0.002899558228722617    0.1282061701743045    0.13110572840302712
42.33576641580198    0.0028971929932032586    0.12820853958257342    0.13110573257577668
42.638164747343424    0.002894208048428776    0.12821152898388516    0.13110573703231393
42.940563078884864    0.002890582649328505    0.1282151590990868    0.1311057417484153
43.24296141042631    0.0028863015464392016    0.12821944521609963    0.13110574676253883
43.545359741967744    0.0028813557836199883    0.1282243963486198    0.13110575213223977
43.84775807350919    0.0028757435359723204    0.12823001427742028    0.1311057578133926
44.15015640505064    0.002869470191863561    0.1282362935881938    0.13110576378005737
44.45255473659208    0.0028625484666266175    0.12824322160881282    0.13110577007543944
44.754953068133524    0.0028549988574071033    0.1282507777994619    0.131105776656869
45.05735139967497    0.0028468495130365814    0.12825893393710372    0.1311057834501403
45.359749731216404    0.002838135867806723    0.12826765460647127    0.131105790474278
45.66214806275785    0.002828900808889977    0.12827689690353866    0.13110579771242864
45.9645463942993    0.002819194537469914    0.12828661052566054    0.13110580506313047
46.26694472584074    0.0028090737690917213    0.12829673871764635    0.13110581248673808
46.569343057382184    0.0027986012908899865    0.12830721869067305    0.13110581998156304
46.87174138892363    0.002787845788901331    0.12831798168046782    0.13110582746936916
47.174139720465064    0.0027768811100352935    0.12832895375168896    0.13110583486172425
47.47653805200651    0.0027657853905436918    0.12834005674674206    0.13110584213728577
47.77893638354794    0.0027546406668822157    0.1283512086058287    0.1311058492727109
48.0813347150894    0.0027435324598790826    0.12836232372942882    0.1311058561893079
48.38373304663084    0.0027325488667244687    0.12837331393743356    0.13110586280415804
48.68613137817228    0.002721779555375432    0.12838408951313343    0.13110586906850885
48.988529709713724    0.002711314973532469    0.1283945599460319    0.13110587491956438
49.290928041255164    0.002701245423747333    0.12840463483585673    0.13110588025960407
49.593326372796604    0.002691659903143866    0.1284142251246326    0.13110588502777648
49.89572470433805    0.002682645211955523    0.1284232439833045    0.13110588919526003
50.1981230358795    0.0026742852635137037    0.12843160742263884    0.13110589268615255
50.50052136742093    0.002666660113003432    0.12843923532938167    0.1311058954423851
50.80291969896238    0.002659845183941327    0.12844605230115674    0.13110589748509807
51.10531803050382    0.0026539110531031327    0.12845198773938254    0.1311058987924857
51.40771636204526    0.002648922995772136    0.12845697630609057    0.1311058993018627
51.71011469358671    0.002644940382047904    0.12846095867576549    0.1311058990578134
52.01251302512815    0.0026420168660810676    0.12846388125029568    0.13110589811637674
52.31491135666959    0.0026402006579994215    0.12846569575992603    0.13110589641792544
52.61730968821103    0.0026395339705808153    0.12846635996607278    0.1311058939366536
52.91970801975247    0.002640052657056047    0.1284658380863639    0.13110589074341994
53.222106351293924    0.002641786641187442    0.12846410024879318    0.13110588688998062
53.524504682835364    0.0026447604565727266    0.1284611219896226    0.1311058824461953
53.8269030143768    0.0026489940067906705    0.1284568835262485    0.13110587753303918
54.12930134591824    0.0026545036708903636    0.12845136854137    0.13110587221226036
54.4316996774597    0.0026613030886743928    0.12844456345093339    0.1311058665396078
54.73409800900114    0.0026694039732136207    0.12843645669023082    0.13110586066344443
55.03649634054258    0.0026788174607936077    0.12842703722186877    0.13110585468266236
55.33889467208402    0.0026895551431481103    0.1284162934685592    0.13110584861170732
55.64129300362546    0.002701629495299926    0.12840421301842275    0.13110584251372268
55.94369133516691    0.0027150544736959954    0.1283907819678956    0.1311058364415916
56.24608966670835    0.0027298459179968954    0.12837598442488984    0.13110583034288675
56.54848799824979    0.0027460210678653106    0.12835980307890463    0.13110582414676994
56.85088632979123    0.002763597716122146    0.1283422200791189    0.13110581779524105
57.15328466133268    0.002782593305721238    0.12832321788355483    0.13110581118927606
57.45568299287412    0.002803023625673226    0.12830278057472233    0.13110580420039555
57.758081324415556    0.0028249010534454693    0.1282808956033612    0.13110579665680666
58.060479655956996    0.002848232285880645    0.1282575560604429    0.13110578834632355
58.36287798749844    0.0028730157451652017    0.1282327633705095    0.13110577911567473
58.66527631903989    0.0028992393882227145    0.12820652946868946    0.13110576885691216
58.96767465058133    0.0029268788506506436    0.1281788785619937    0.13110575741264435
59.27007298212277    0.00295589533956555    0.12814984930571097    0.13110574464527652
59.572471313664224    0.0029862338089249683    0.1281194967136308    0.13110573052255575
59.87486964520565    0.0030178221429723374    0.12808789292577719    0.13110571506874952
60.1772679767471    0.0030505711265641036    0.1280551272188661    0.1311056983454302
60.47966630828854    0.0030843749897612204    0.1280213054712082    0.13110568046096943
60.78206463982998    0.003119112526413675    0.1279865490190749    0.13110566154548858
61.08446297137144    0.0031546486969821824    0.1279509930955599    0.13110564179254208
61.38686130291288    0.003190837019654189    0.1279147844607195    0.1311056214803737
61.68925963445432    0.0032275228299437795    0.12787807805185752    0.13110560088180132
61.991657965995756    0.003264546799376267    0.12784103345785439    0.13110558025723065
62.29405629753721    0.0033017485865740165    0.12780381133476768    0.13110555992134168
62.596454629078636    0.0033389708369668406    0.12776656934232858    0.13110554017929543
62.89885296062009    0.0033760632094841335    0.12772945809150252    0.13110552130098665
63.20125129216153    0.0034128862046171413    0.12769261736064824    0.13110550356526537
63.50364962370297    0.003449314938974358    0.12765617226757048    0.13110548720654483
63.806047955244416    0.003485242436873985    0.12762022993846014    0.13110547237533413
64.10844628678585    0.0035205821192603416    0.1275848770895643    0.13110545920882466
64.4108446183273    0.003555269823054526    0.12755017799346705    0.13110544781652156
64.71324294986874    0.0035892651847667157    0.12751617301157964    0.13110543819634635
65.01564128141018    0.003622551944995193    0.12748287833159255    0.13110543027658775
65.31803961295164    0.003655137359061198    0.12745028659787863    0.13110542395693983
65.62043794449308    0.003687050989428739    0.12741836810004117    0.1311054190894699
65.92283627603452    0.00371834284623595    0.12738707264430393    0.1311054154905399
66.22523460757596    0.0037490809051564087    0.12735633201468588    0.1311054129198423
66.52763293911741    0.0037793478123555393    0.1273260632375662    0.13110541104992174
66.83003127065885    0.0038092366557614847    0.12729617288382342    0.1311054095395849
67.13242960220029    0.0038388464329491205    0.127266561649694    0.13110540808264312
67.43482793374173    0.0038682776767080826    0.1272371286808806    0.1311054063575887
67.73722626528317    0.003897627998851143    0.12720777604203964    0.1311054040408908
68.03962459682461    0.0039269876929198975    0.12717841317266618    0.13110540086558609
68.34202292836605    0.003956435852992505    0.1271489607446616    0.1311053965976541
68.6444212599075    0.0039860368586580874    0.12711935414477232    0.1311053910034304
68.94681959144894    0.004015836888811431    0.12708954696062932    0.13110538384944076
69.24921792299038    0.0040458606298309765    0.12705951430593168    0.13110537493576266
69.55161625453182    0.004076108590094258    0.12702925556042072    0.13110536415051496
69.85401458607326    0.004106555409125723    0.12699879604437653    0.13110535145350224
70.1564129176147    0.004137149007241862    0.12696818778773764    0.1311053367949795
70.45881124915614    0.004167809989504372    0.126937510147598    0.13110532013710235
70.7612095806976    0.004198431505932233    0.1269068700462855    0.13110530155221775
71.06360791223904    0.004228880344517506    0.12687640086520255    0.13110528120972006
71.36600624378048    0.004258999212706762    0.12684626009244687    0.13110525930515363
71.66840457532193    0.004288609624826702    0.1268166264372524    0.13110523606207908
71.97080290686336    0.0043175153064710006    0.12678769645871993    0.13110521176519094
72.27320123840481    0.004345506371200442    0.12675968040500965    0.13110518677621008
72.57559956994625    0.004372364382584309    0.12673279712489632    0.13110516150748064
72.87799790148769    0.004397868001754811    0.1267072683577545    0.13110513635950932
73.18039623302914    0.0044217986518626925    0.12668331307565034    0.13110511172751302
73.48279456457058    0.004443946120887362    0.12666114192275374    0.1311050880436411
73.78519289611202    0.004464114308917371    0.12664095141365703    0.1311050657225744
74.08759122765346    0.00448212666311009    0.1266229184462424    0.1311050451093525
74.38998955919492    0.004497830850566885    0.126607195676388    0.13110502652695488
74.69238789073636    0.0045111028788198575    0.1265939073884678    0.13110501026728766
74.9947862222778    0.0045218505226091625    0.12658314599934944    0.13110499652195862
75.29718455381924    0.004530015530641004    0.1265749698681251    0.1311049853987661
75.59958288536068    0.004535574675811156    0.1265694022717073    0.13110497694751844
75.90198121690213    0.004538539860385073    0.12656643127678593    0.131104971137171
76.20437954844355    0.00453895717819119    0.1265660106893653    0.1311049678675565
76.50677787998501    0.0045369049645064136    0.12656806199960952    0.13110496696411594
76.80917621152645    0.004532490792572279    0.1265724773640203    0.1311049681565926
77.11157454306789    0.004525847414917477    0.12657912373362976    0.13110497114854724
77.41397287460934    0.004517128244192227    0.12658784740882745    0.13110497565301968
77.71637120615078    0.004506502684662282    0.12659847864263765    0.13110498132729995
78.01876953769224    0.004494150985422128    0.1266108368226074    0.13110498780802954
78.32116786923366    0.004480258961550132    0.12662473583356545    0.1311049947951156
78.6235662007751    0.004465013220647079    0.12663998877599433    0.1311050019966414
78.92596453231656    0.00444859659921819    0.12665641249991036    0.13110500909912856
79.228362863858    0.004431183668206267    0.12667383218768719    0.13110501585589346
79.53076119539945    0.00441293698193598    0.12669208512232577    0.13110502210426175
79.83315952694089    0.004394004311671707    0.12671102341633234    0.13110502772800403
80.13555785848231    0.00437451661573484    0.1267305160457392    0.13110503266147405
80.43795619002377    0.004354586660880425    0.12675045020725018    0.1311050368681306
80.74035452156521    0.004334308155579967    0.1267707321925343    0.13110504034811427
81.04275285310666    0.004313755515077384    0.12679128768215592    0.1311050431972333
81.3451511846481    0.004292984611005276    0.1268120609455206    0.13110504555652588
81.64754951618954    0.0042720341000113075    0.1268330134455848    0.13110504754559613
81.94994784773098    0.004250926880496024    0.1268541224616172    0.13110504934211323
82.25234617927242    0.0042296721766275965    0.1268753790217594    0.131105051198387
82.55474451081386    0.004208268269154048    0.1268967850509226    0.13110505332007666
82.85714284235532    0.004186704942739317    0.12691835091323508    0.1311050558559744
83.15954117389676    0.00416496548748497    0.12694009349013952    0.13110505897762448
83.46193950543818    0.004143028822784849    0.1269620340488009    0.13110506287158577
83.76433783697964    0.004120871765257599    0.12698419593933893    0.13110506770459654
84.06673616852108    0.004098471134080147    0.1270066024795922    0.13110507361367235
84.36913450006251    0.004075805534393089    0.12702927516590323    0.13110508070029633
84.67153283160395    0.004052856801277058    0.12705223225190337    0.13110508905318044
84.97393116314541    0.00402961123798207    0.12707548749727268    0.13110509873525475
85.27632949468685    0.004006060515098685    0.12709904923021248    0.13110510974531117
85.57872782622829    0.003982202041322292    0.1271229200375846    0.1311051220789069
85.88112615776973    0.003958039269243916    0.12714709649341804    0.13110513576266197
86.18352448931117    0.003933582132065682    0.12717156863239157    0.13110515076445725
86.48592282085262    0.003908847007860141    0.1271963199933051    0.13110516700116526
86.78832115239406    0.003883856269345056    0.1272213281487461    0.13110518441809116
87.09071948393549    0.0038586379092183276    0.12724656501848247    0.1311052029277008
87.39311781547694    0.0038332248686310743    0.12727199752193594    0.13110522239056702
87.69551614701838    0.0038076540285798244    0.12729758868548974    0.13110524271406956
87.99791447855984    0.003781965508901095    0.12732329829093889    0.13110526379983997
88.30031281010127    0.003756201889904739    0.12734908358336536    0.1311052854732701
88.6027111416427    0.003730406936903867    0.12737490067532767    0.13110530761223155
88.90510947318415    0.0037046247378912855    0.12740070542479479    0.13110533016268608
89.2075078047256    0.003678899365870646    0.12742645362639174    0.1311053529922624
89.50990613626705    0.0036532740747943094    0.12745210187333555    0.13110537594812988
89.81230446780849    0.003627790376747748    0.12747760859165538    0.13110539896840312
90.11470279934994    0.0036024877560323506    0.1275029342218811    0.13110542197791347
90.41710113089137    0.0035774033904751525    0.12752804146198343    0.1311054448524586
90.71949946243281    0.0035525716290998417    0.12755289590496005    0.13110546753405988
91.02189779397426    0.003528023933583405    0.12757746605942705    0.13110548999301044
91.3242961255157    0.0035037890026876337    0.1276017231174429    0.13110551212013052
91.62669445705716    0.00347989232858758    0.12762564146190236    0.13110553379048995
91.9290927885986    0.0034563556523897294    0.12764919930941915    0.13110555496180887
92.23149112014002    0.003433197125096489    0.12767237852196445    0.13110557564706093
92.53388945168147    0.0034104319737039406    0.12769516385616644    0.13110559582987039
92.83628778322291    0.0033880728991615133    0.12771754253853232    0.13110561543769383
93.13868611476437    0.0033661299953634716    0.12773950441788173    0.13110563441324521
93.44108444630581    0.003344610794486253    0.12776104196547777    0.13110565275996403
93.74348277784726    0.003323520774520732    0.12778214970188143    0.13110567047640215
94.04588110938869    0.0033028638624993467    0.12780282366880324    0.13110568753130258
94.34827944093013    0.003282642719752053    0.12782306118760786    0.13110570390735993
94.65067777247158    0.0032628590241951527    0.12784286055582622    0.13110571958002137
94.95307610401302    0.003243513641366672    0.12786222087477833    0.13110573451614502
95.25547443555448    0.003224606769401506    0.1278811419558491    0.1311057487252506
95.55787276709589    0.0032061383532638725    0.12789962384997985    0.13110576220324371
95.86027109863734    0.0031881083350334257    0.12791766656265155    0.13110577489768496
96.1626694301788    0.003170516581349254    0.12793527023786916    0.13110578681921842
96.46506776172023    0.0031533632561911353    0.12795243476645032    0.13110579802264147
96.76746609326167    0.0031366494409206377    0.12796915903408762    0.13110580847500825
97.06986442480311    0.003120377103221455    0.12798544103201165    0.13110581813523312
97.37226275634455    0.0031045489702157297    0.1280012780822471    0.13110582705246282
97.674661087886    0.003089168986499861    0.12801666626139468    0.13110583524789454
97.97705941942745    0.003074242593721447    0.12803160009271017    0.1311058426864316
98.27945775096889    0.0030597765998688626    0.12804607278890212    0.13110584938877098
98.58185608251033    0.0030457793338540973    0.12806007604882463    0.13110585538267874
98.88425441405177    0.0030322607770884523    0.12807359984541003    0.1311058606224985
99.18665274559321    0.0030192321170331026    0.12808663295012226    0.13110586506715538
99.48905107713465    0.0030067051855289942    0.128099163515928    0.13110586870145702
99.7914494086761    0.002994691954501187    0.12811117951410378    0.13110587146860497
100.09384774021754    0.002983203690697141    0.12812266961396898    0.1311058733046661
100.396246071759    0.0029722499893466725    0.1281336241911081    0.13110587418045477
100.69864440330042    0.002961837980048126    0.12814403606798727    0.1311058740480354
101.00104273484186    0.0029519713691149945    0.12815390146253006    0.13110587283164504
101.3034410663833    0.002942649242463011    0.12816322123793747    0.13110587048040048
101.60583939792475    0.0029338650365416667    0.1281720019369811    0.13110586697352278
101.90823772946621    0.002925605817435411    0.12818025648749626    0.13110586230493168
102.21063606100763    0.002917851787845299    0.1281880047074175    0.1311058564952628
102.51303439254907    0.002910576099382565    0.1281952734968887    0.13110584959627125
102.81543272409051    0.002903745043753707    0.12820209664435517    0.13110584168810888
103.11783105563197    0.0028973186176480437    0.1282085142743737    0.13110583289202177
103.42022938717342    0.002891251565533038    0.12821457180825643    0.13110582337378948
103.72262771871485    0.0028854949348000297    0.12822031837530873    0.13110581331010876
104.0250260502563    0.0028799978103163275    0.12822580504584494    0.13110580285616127
104.32742438179773    0.0028747089718827753    0.1282310832153858    0.13110579218726856
104.62982271333918    0.0028695787839493007    0.12823620274340322    0.13110578152735253
104.93222104488063    0.002864561494420113    0.12824120959242646    0.13110577108684657
105.23461937642206    0.002859617442403832    0.12824614358613573    0.13110576102853957
105.53701770796351    0.0028547148509130067    0.1282510366518659    0.13110575150277892
105.83941603950494    0.0028498313807573256    0.12825591125942534    0.13110574264018265
106.1418143710464    0.0028449554032212105    0.1282607791306636    0.13110573453388483
106.44421270258785    0.002840086892507196    0.12826564037645288    0.13110572726896008
106.74661103412927    0.002835238086850615    0.12827048281510947    0.1311057209019601
107.04900936567073    0.0028304337110891245    0.12827528170408645    0.13110571541517557
107.35140769721218    0.0028257104192444308    0.12828000032948686    0.13110571074873129
107.6538060287536    0.0028211156561736596    0.1282845911671597    0.13110570682333336
107.95620436029506    0.0028167061276794057    0.12828899739154503    0.13110570351922443
108.25860269183649    0.002812545822163422    0.12829315488148413    0.13110570070364755
108.56100102337794    0.002808703804894907    0.12829699443955936    0.13110569824445426
108.8633993549194    0.0028052518784797433    0.12830044409503663    0.13110569597351637
109.16579768646083    0.0028022618951702126    0.12830343181530313    0.13110569371047334
109.46819601800227    0.0027998029255122893    0.12830588837276852    0.1311056912982808
109.7705943495437    0.0027979385950797414    0.12830774998302233    0.13110568857810206
110.07299268108515    0.0027967245381398825    0.1283089608778962    0.1311056854160361
110.37539101262661    0.0027962061995978364    0.1283094755453761    0.13110568174497395
110.67778934416803    0.00279641727573913    0.12830926023695738    0.1311056775126965
110.98018767570946    0.002797378486110386    0.12830829417734496    0.13110567266345535
111.28258600725091    0.0027990965436872095    0.12830657064505696    0.13110566718874417
111.58498433879237    0.0028015636383473424    0.12830409747860327    0.13110566111695063
111.88738267033382    0.0028047574335332013    0.12830089706620879    0.13110565449974199
112.18978100187525    0.0028086415191423708    0.12829700591760684    0.1311056474367492
112.4921793334167    0.002813166412157341    0.12829247362816396    0.1311056400403213
112.79457766495813    0.002818270849335045    0.1282873615724407    0.13110563242177575
113.09697599649958    0.0028238832992377037    0.12828174144526025    0.13110562474449797
113.39937432804102    0.002829923994789541    0.12827569319267862    0.13110561718746816
113.70177265958246    0.0028363072106404124    0.12826930268286638    0.13110560989350678
114.00417099112391    0.0028429434333259998    0.12826265960146463    0.13110560303479063
114.30656932266535    0.002849741797817975    0.12825585502220724    0.1311055968200252
114.6089676542068    0.0028566128202832776    0.12824897860062107    0.13110559142090433
114.91136598574823    0.0028634709498096536    0.12824211605017047    0.13110558699998012
115.21376431728967    0.0028702370349227525    0.1282353467034967    0.13110558373841946
115.51616264883111    0.0028768407954615524    0.12822874097828196    0.1311055817737435
115.81856098037257    0.002883222870048589    0.1282223583329739    0.1311055812030225
116.12095931191399    0.002889336403144978    0.1282162457140138    0.13110558211715878
116.42335764345545    0.002895148337913407    0.12821043623298856    0.13110558457090196
116.72575597499689    0.002900640254001605    0.1282049483412472    0.13110558859524882
117.02815430653833    0.002905808827535974    0.12819978537982057    0.13110559420735654
117.33055263807978    0.0029106658846572665    0.12819493545433863    0.1311056013389959
117.63295096962123    0.00291523756750229    0.12819037228885835    0.13110560985636063
117.93534930116266    0.0029195627930877245    0.12818605684586137    0.1311056196389491
118.23774763270409    0.0029236915415411266    0.12818193898090824    0.13110563052244936
118.54014596424554    0.0029276826369694243    0.12817795962682654    0.13110564226379598
118.842544295787    0.0029316008318855166    0.12817405379884514    0.13110565463073065
119.14494262732845    0.0029355138108128026    0.12817015358944547    0.13110566740025828
119.44734095886987    0.0029394891871160457    0.1281661911118094    0.13110568029892544
119.7497392904113    0.0029435911761304754    0.128162101873518    0.13110569304964848
120.05213762195275    0.002947877283513729    0.1281578281248774    0.13110570540839112
120.3545359534942    0.002952395362008151    0.1281533217858992    0.13110571714790734
120.65693428503566    0.0029571810363627294    0.1281485470423783    0.13110572807874102
120.95933261657709    0.0029622555903433294    0.12814348244818383    0.13110573803852715
121.26173094811854    0.0029676242473082714    0.12813812262809626    0.13110574687540452
121.56412927965997    0.002973274857710659    0.12813247965846766    0.1311057545161783
121.86652761120142    0.0029791774794001133    0.1281265834854198    0.1311057609648199
122.16892594274287    0.002985284782469952    0.12812048142760338    0.13110576621007333
122.4713242742843    0.0029915326400798254    0.12811423761966673    0.13110577025974654
122.77372260582575    0.002997841144711044    0.12810793208504306    0.1311057732297541
123.07612093736718    0.0030041166806661656    0.12810165861920056    0.13110577529986672
123.37851926890863    0.0030102547344223085    0.1280955219076356    0.13110577664205791
123.68091760045009    0.0030161427871431513    0.12808963463295056    0.13110577742009372
123.98331593199151    0.0030216631650614853    0.12808411464888772    0.1311057778139492
124.28571426353297    0.003026696091491044    0.128079081960465    0.13110577805195603
124.58811259507442    0.003031123174834784    0.1280746552102445    0.13110577838507928
124.89051092661585    0.003034830997939234    0.12807094800428517    0.13110577900222442
125.19290925815727    0.0030377141063560827    0.12806806593294806    0.13110578003930415
125.49530758969873    0.003039677417857639    0.12806610422488604    0.13110578164274367
125.79770592124018    0.003040638481206246    0.1280651454558237    0.13110578393702996
126.10010425278162    0.0030405293885564753    0.12806525760160095    0.13110578699015743
126.40250258432306    0.0030392980711694373    0.1280664927723591    0.13110579084352852
126.70490091586449    0.003036909107450672    0.12806888639400266    0.13110579550145332
127.00729924740594    0.0030333439959420155    0.12807245692061084    0.13110580091655286
127.3096975789474    0.003028600859663146    0.12807720617184912    0.13110580703151226
127.61209591048883    0.003022693895770417    0.12808311989347212    0.13110581378924255
127.91449424203027    0.0030156526759590285    0.12809016842780246    0.13110582110376148
128.2168925735717    0.003007521081571121    0.12809830776535572    0.13110582884692684
128.51929090511314    0.0029983557335534023    0.1281074811221601    0.1311058368557135
128.8216892366546    0.0029882240529362316    0.1281176209316041    0.1311058449845403
129.12408756819605    0.0029772024142349007    0.12812865071050406    0.13110585312473896
129.4264858997375    0.002965374476058975    0.12814048664087307    0.13110586111693204
129.72888423127893    0.0029528290694694893    0.12815303968274322    0.1311058687522127
130.03128256282037    0.0029396577496982293    0.12816621815190707    0.1311058759016053
130.3336808943618    0.0029259529444235098    0.1281799295440841    0.13110588248850763
130.63607922590327    0.002911806504727219    0.12819408186786993    0.13110588837259715
130.93847755744468    0.0028973078850510732    0.12820858554220663    0.1311058934272577
131.24087588898615    0.002882542504684745    0.12822335512048286    0.1311058976251676
131.5432742205276    0.0028675909070860887    0.12823831003926323    0.1311059009463493
131.84567255206903    0.0028525280809563605    0.1282533752566425    0.13110590333759886
132.14807088361047    0.0028374225856571188    0.12826848218947326    0.13110590477513037
132.4504692151519    0.0028223359181512304    0.12828356935055746    0.1311059052687087
132.75286754669335    0.002807322259019753    0.12829858259722354    0.1311059048562433
133.05526587823482    0.002792428547140427    0.1283134750636932    0.13110590361083363
133.35766420977623    0.0027776948169361496    0.1283282067663679    0.13110590158330407
133.6600625413177    0.0027631543760116115    0.12834274441449933    0.13110589879051093
133.9624608728591    0.002748833791201915    0.12835706150766252    0.13110589529886443
134.26485920440058    0.0027347533078961365    0.12837113792606156    0.1311058912339577
134.56725753594202    0.0027209277289922526    0.12838495895545293    0.13110588668444517
134.86965586748346    0.002707366983045427    0.1283985146882821    0.13110588167132753
135.1720541990249    0.0026940761479504077    0.1284118000874645    0.13110587623541492
135.47445253056634    0.0026810556912542933    0.12842481481280044    0.13110587050405473
135.77685086210778    0.002668302464345909    0.12843756214684313    0.13110586461118903
136.07924919364922    0.002655810741227943    0.12845004785814576    0.1311058585993737
136.3816475251907    0.002643572546187606    0.1284622799603391    0.1311058525065267
136.6840458567321    0.002631577943017762    0.1284742685128701    0.13110584645588788
136.98644418827354    0.00261981596140968    0.12848602459289965    0.13110584055430932
137.288842519815    0.002608275471651539    0.12849755937901539    0.13110583485066693
137.59124085135645    0.0025969456685410426    0.12850888376015396    0.131105829428695
137.89363918289789    0.0025858167053167368    0.12852000765891267    0.1311058243642294
138.19603751443933    0.002574880213022883    0.12853093945113025    0.13110581966415313
138.49843584598077    0.0025641293897844873    0.12854168598750484    0.13110581537728933
138.8008341775222    0.0025535593956793807    0.12855225219990707    0.13110581159558646
139.10323250906364    0.0025431679931145093    0.12856264032819925    0.13110580832131377
139.40563084060508    0.0025329555220170367    0.12857285000605434    0.13110580552807138
139.70802917214652    0.0025229246346616763    0.12858287862725779    0.13110580326191945
140.010427503688    0.0025130805339082397    0.12859272101766697    0.13110580155157522
140.3128258352294    0.002503431154842969    0.12860236922477777    0.13110580037962075
140.61522416677087    0.002493987004564175    0.12861181275486497    0.13110579975942915
140.91762249831228    0.002484761138873887    0.12862103855341847    0.13110579969229236
141.22002082985375    0.002475769140108244    0.12863003100269277    0.13110580014280102
141.5224191613952    0.0024670289202933507    0.12863877220273023    0.13110580112302359
141.82481749293666    0.002458560796658438    0.12864724187619744    0.13110580267285588
142.12721582447807    0.0024503877500842725    0.12865541703388472    0.131105804783969
142.4296141560195    0.002442535365261648    0.12866327207011322    0.13110580743537487
142.73201248756095    0.002435031642310218    0.12867077899020155    0.13110581063251175
143.03441081910242    0.0024279069567824997    0.1286779074087765    0.131105814365559
143.33680915064386    0.002421193882269307    0.1286846247004702    0.1311058185827395
143.6392074821853    0.0024149266612692134    0.1286908965562482    0.13110582321751743
143.9416058137267    0.0024091405560318505    0.1286966876687066    0.13110582822473846
144.24400414526818    0.0024038713517448664    0.1287019622117713    0.13110583356351616
144.54640247680962    0.002399154827101009    0.12870668431952217    0.1311058391466232
144.8488008083511    0.0023950258649736446    0.1287108190159897    0.13110584488096336
145.1511991398925    0.002391517579631002    0.12871433315830372    0.1311058507379347
145.45359747143394    0.002388660947296304    0.12871719574470503    0.13110585669200134
145.75599580297538    0.0023864844917680077    0.12871937817662915    0.13110586266839716
146.05839413451685    0.0023850136646129034    0.1287208549508982    0.1311058686155111
146.36079246605829    0.0023842703870491995    0.12872160412373718    0.13110587451078637
146.66319079759973    0.0023842728271947495    0.12872160748184405    0.1311058803090388
146.96558912914116    0.0023850351251434253    0.128720850861309    0.13110588598645243
147.2679874606826    0.0023865673199709313    0.12871932422391003    0.13110589154388097
147.57038579222404    0.0023888754598876782    0.12871702148660635    0.13110589694649402
147.8727841237655    0.0023919615398392256    0.128713940640626    0.13110590218046522
148.17518245530692    0.0023958236692266325    0.1287100836192443    0.13110590728847094
148.4775807868484    0.002400456691149253    0.12870545558318805    0.1311059122743373
148.77997911838983    0.0024058525995274286    0.128700064512855    0.13110591711238245
149.08237744993127    0.00241200076276362    0.12869392106188424    0.13110592182464786
149.3847757814727    0.002418888445426317    0.1286870379705476    0.1311059264159739
149.68717411301415    0.0024265012335412343    0.12867942960887543    0.13110593084241667
149.9895724445556    0.0024348231394177725    0.12867111195862546    0.13110593509804325
150.29197077609703    0.0024438369147764664    0.12866210227683716    0.13110593919161362
150.59436910763847    0.002453524414137079    0.12865241865802854    0.1311059430721656
150.8967674391799    0.0024638664881032227    0.12864208018884743    0.13110594667695066
151.19916577072135    0.002474842675036707    0.12863110728566723    0.13110594996070393
151.50156410226282    0.0024864309231593953    0.12861952193250262    0.131105952855662
151.80396243380426    0.002498607142767398    0.12860734814969593    0.13110595529246333
152.1063607653457    0.002511344723171047    0.12859461249707893    0.13110595722024998
152.4087590968871    0.002524614142212626    0.12858134442911925    0.1311059585713319
152.71115742842858    0.0025383824411003577    0.12856757682618833    0.13110595926728869
153.01355575997002    0.002552612671713587    0.12855334656505324    0.13110595923676682
153.31595409151146    0.0025672637412122628    0.1285386947194231    0.13110595846063539
153.6183524230529    0.0025822904734453976    0.12852366647539099    0.1311059569488364
153.92075075459434    0.0025976438749343903    0.1285083108558412    0.13110595473077558
154.22314908613578    0.0026132717653556906    0.1284926800948831    0.1311059518602388
154.52554741767722    0.0026291197142172817    0.12847682868764773    0.131105948401865
154.82794574921869    0.002645132151226451    0.12846081227887282    0.13110594443009926
155.1303440807601    0.002661253624535968    0.1284446864165927    0.1311059400411287
155.43274241230156    0.0026774302998267972    0.1284285050569281    0.1311059353567549
155.735140743843    0.0026936117031765594    0.12841231879453707    0.13110593049771363
156.03753907538447    0.00270975247008789    0.12839617309077628    0.13110592556086417
156.33993740692588    0.0027258138924165457    0.1283801067410801    0.13110592063349666
156.64233573846732    0.00274176533470948    0.12836415047404476    0.13110591580875425
156.94473407000876    0.0027575856608671083    0.12834832552527098    0.1311059111861381
157.2471324015502    0.0027732646659638237    0.12833264218541912    0.13110590685138296
157.54953073309164    0.0027888042500002477    0.1283170985761998    0.13110590282620005
157.8519290646331    0.002804218919171201    0.1283016801538339    0.1311058990730051
158.15432739617452    0.002819535705086259    0.12828635986640094    0.1311058955714872
158.456725727716    0.0028347940748186026    0.12827109824248087    0.13110589231729947
158.75912405925743    0.002850045810260992    0.12825584344100566    0.13110588925126665
159.0615223907989    0.00286535431752922    0.12824053195003068    0.1311058862675599
159.3639207223403    0.0028807933631288304    0.1282250898910676    0.13110588325419642
159.66631905388178    0.002896445566370588    0.12820943452639355    0.13110588009276414
159.96871738542322    0.00291240074903223    0.12819347591780642    0.13110587666683865
160.27111571696463    0.002928754168306443    0.12817711867460824    0.13110587284291467
160.57351404850607    0.0029456044486012908    0.12816026398741953    0.13110586843602082
160.87591238004754    0.0029630510380702197    0.12814281222990678    0.131105863267977
161.17831071158895    0.002981191625271705    0.12812466557691896    0.13110585720219067
161.48070904313042    0.0030001197491333325    0.12810573031571373    0.13110585006484707
161.78310737467186    0.0030199221229931733    0.12808591953037177    0.13110584165336495
162.08550570621333    0.0030406757789636822    0.12806515604881427    0.13110583182777796
162.38790403775474    0.0030624456884445986    0.1280433747942723    0.1311058204827169
162.6903023692962    0.0030852827615750296    0.12802052474397724    0.13110580750555226
162.99270070083764    0.0031092219692327814    0.12799657085140723    0.13110579282064
163.29509903237908    0.003134280843012854    0.12797149553811668    0.13110577638112952
163.5974973639205    0.003160458353528591    0.127945299801394    0.1311057581549226
163.89989569546196    0.003187734135362376    0.1279180040357112    0.1311057381710736
164.20229402700338    0.003216068346518025    0.12788964814099343    0.13110571648751146
164.50469235854484    0.0032454019807667336    0.12786029117607897    0.1311056931568457
164.80709069008628    0.0032756574509599065    0.12783001085293688    0.13110566830389678
165.10948902162772    0.003306739901025322    0.12779890221511037    0.13110564211613568
165.41188735316916    0.0033385391566760412    0.12776707560541362    0.13110561476208965
165.71428568471063    0.003370931804319107    0.1277346546472356    0.1311055864515547
166.01668401625207    0.0034037837702806254    0.12770177370850086    0.1311055574787815
166.3190823477935    0.0034369536822787383    0.12766857445990049    0.1311055281421792
166.62148067933495    0.003470296491905507    0.1276352022545235    0.131105498746429
166.92387901087636    0.0035036672316791756    0.1276018023897638    0.13110546962144295
167.2262773424178    0.00353692486282658    0.1275685161820689    0.1311054410448955
167.52867567395927    0.003569935675738439    0.12753547759056802    0.13110541326630645
167.8310740055007    0.003602576397300529    0.127502810179049    0.13110538657634951
168.13347233704215    0.0036347374199209967    0.12747062380708563    0.1311053612270066
168.4358706685836    0.0036663255894824197    0.1274390118059976    0.13110533739548003
168.73826900012503    0.0036972662085244475    0.12740804903242886    0.1311053152409533
169.0406673316665    0.003727504520068009    0.12737779033177024    0.13110529485183825
169.3430656632079    0.0037570063656533034    0.1273482698698265    0.1311052762354798
169.64546399474938    0.003785758018808373    0.12731950140822615    0.13110525942703452
169.94786232629082    0.0038137658960758613    0.12729147854041145    0.1311052444364873
170.25026065783229    0.0038410557831059676    0.12726417535639536    0.13110523113950134
170.5526589893737    0.0038676708424888744    0.12723754853230126    0.13110521937479014
170.85505732091514    0.0038936690604860227    0.12721153995835383    0.13110520901883985
171.15745565245658    0.003919120776024945    0.12718607913530627    0.1311051999113312
171.45985398399802    0.00394410589819146    0.12716108594262604    0.1311051918408175
171.76225231553946    0.003968710611663914    0.12713647395747457    0.1311051845691385
172.06465064708092    0.003993023725201643    0.12711215411476814    0.13110517783996978
172.36704897862234    0.004017132935586832    0.12708803851017092    0.13110517144575776
172.6694473101638    0.004041121560862781    0.1270640436531076    0.1311051652139704
172.97184564170524    0.004065065596670208    0.1270400933184918    0.13110515891516203
173.2742439732467    0.004089030509195502    0.1270161218242412    0.13110515233343673
173.57664230478812    0.0041130683604007675    0.12699207698898865    0.1311051453493894
173.87904063632956    0.00413721580521751    0.12696792203075746    0.13110513783597497
174.18143896787097    0.004161492213366186    0.12694363744203224    0.13110512965539842
174.48383729941244    0.004185898030421442    0.12691922277537981    0.13110512080580125
174.78623563095388    0.004210414445652052    0.12689469691913735    0.1311051113647894
175.08863396249535    0.004235003970232254    0.1268700973881165    0.13110510135834874
175.39103229403676    0.0042596109312709775    0.12684547989142012    0.1311050908226911
175.69343062557823    0.004284162206962    0.12682091765136203    0.13110507985832404
175.99582895711967    0.004308568618432415    0.12679649995874345    0.13110506857717585
176.29822728866114    0.004332726643264002    0.1267723304605524    0.1311050571038164
176.60062562020255    0.0043565203713705    0.1267485252231229    0.1311050455944934
176.90302395174402    0.004379823796179875    0.12672521041611245    0.13110503421229233
177.2054222832854    0.004402503276223394    0.1267025198537225    0.1311050231299459
177.50782061482687    0.004424420144684687    0.12668059238870932    0.13110501253339402
177.8102189463683    0.00444543347139012    0.12665956912452947    0.1311050025959196
178.11261727790978    0.0044654027706162065    0.12663959070357547    0.1311049934741917
178.4150156094512    0.004484190533319223    0.12662079477918334    0.13110498531250256
178.71741394099266    0.004501664592782285    0.12660331365127012    0.1311049782440524
179.0198122725341    0.004517700378392441    0.12658727201458125    0.1311049723929737
179.32221060407554    0.00453218302866243    0.12657278481844328    0.1311049678471057
179.62460893561698    0.0045450091383110874    0.12655995553033733    0.1311049646686484
179.92700726715842    0.0045560882652026895    0.126548874684033    0.13110496294923568
180.22940559869988    0.004565344553100766    0.12653961820451107    0.13110496275761183
180.53180393024132    0.004572718017315829    0.12653224605739175    0.13110496407470756
180.83420226178274    0.0045781650456471115    0.126526801844633    0.13110496689028012
181.13660059332418    0.004581658796292803    0.12652331243084727    0.13110497122714007
181.43899892486561    0.004583189589464426    0.12652178740719527    0.1311049769966597
181.74139725640708    0.004582764236437187    0.12652221978753023    0.13110498402396742
182.04379558794852    0.004580404539110812    0.1265245876574841    0.1311049921965949
182.34619391948996    0.0045761461667558605    0.12652885524756013    0.131105001414316
182.6485922510314    0.004570037553114583    0.12653497393571186    0.13110501148882645
182.95099058257284    0.004562138030791543    0.12654288420411555    0.1311050222349071
183.2533889141143    0.004552515884737149    0.1265525176516436    0.13110503353638076
183.55578724565572    0.004541246899087946    0.12656379837271786    0.1311050452718058
183.8581855771972    0.004528412922717082    0.126576644380833    0.13110505730355007
184.1605839087386    0.004514100334788601    0.12659096919061322    0.13110506952540182
184.46298224028004    0.00449839873563441    0.1266066831079299    0.13110508184356431
184.7653805718215    0.004481399750126253    0.1266236944081523    0.13110509415827856
185.06777890336295    0.004463195811620226    0.1266419105798839    0.1311051063915041
185.3701772349044    0.004443879129566644    0.1266612393525965    0.13110511848216314
185.67257556644583    0.004423540808406926    0.12668158954218361    0.13110513035059054
185.97497389798727    0.004402269848759845    0.12670287206206388    0.13110514191082373
186.27737222952874    0.004380152126651427    0.12672500098279382    0.13110515310944526
186.57977056107015    0.004357269616118738    0.12674789428183375    0.1311051638979525
186.88216889261162    0.004333699630346055    0.12677147456222226    0.1311051741925683
187.18456722415306    0.00430951384650933    0.12679567009082196    0.13110518393733128
187.48696555569452    0.004284777622839782    0.12682041551976053    0.1311051931426003
187.7893638872359    0.0042595498387781325    0.12684565194425992    0.13110520178303806
188.09176221877738    0.004233882477404439    0.12687132730112044    0.13110520977852488
188.3941605503188    0.004207819842028185    0.1268973972816305    0.1311052171236587
188.69655888186026    0.004181398390789856    0.12692382549295844    0.1311052238837483
188.9989572134017    0.0041546472245562885    0.12695058287216252    0.13110523009671882
189.30135554494316    0.0041275885510904725    0.12697764727450866    0.13110523582559913
189.60375387648457    0.00410023840352178    0.12700500278247243    0.1311052411859942
189.90615220802604    0.00407260772938275    0.12703263850923693    0.1311052462386197
190.20855053956748    0.004044703141929185    0.12706054788132526    0.13110525102325443
190.51094887110895    0.004016527636975413    0.12708872804106347    0.13110525567803888
190.81334720265036    0.003988082132457487    0.12711717823734686    0.13110526036980436
191.11574553419177    0.003959367335779681    0.12714589787411865    0.13110526520989832
191.4181438657332    0.003930385261887941    0.12717488505354424    0.13110527031543218
191.72054219727468    0.003901140747163634    0.12720413507404824    0.13110527582121187
192.02294052881612    0.003871643082893028    0.12723363875905727    0.1311052818419503
192.3253388603576    0.0038419075200883126    0.1272633809799901    0.1311052885000784
192.627737191899    0.003811956741642285    0.1272933391611335    0.13110529590277578
192.93013552344047    0.003781822073188906    0.1273234820084063    0.1311053040815952
193.2325338549819    0.0037515439894916396    0.12735376904967555    0.1311053130391672
193.53493218652335    0.003721172213562061    0.12738415057684457    0.13110532279040663
193.8373305180648    0.003690765714750032    0.1274145675898923    0.13110533330464233
194.13972884960623    0.0036603922249692465    0.12744495226590252    0.13110534449087177
194.44212718114764    0.0036301271496070736    0.1274752291046382    0.1311053562542453
194.7445255126891    0.0036000523041455983    0.12750531620661842    0.13110536851076401
195.04692384423055    0.0035702546319990626    0.12753512651624827    0.13110538114824732
195.349322175772    0.0035408246007868015    0.1275645694040741    0.1311053940048609
195.65172050731343    0.0035118541444401014    0.12759355277251558    0.13110540691695569
195.9541188388549    0.003483434592051371    0.12762198517757553    0.1311054197696269
196.25651717039634    0.0034556549925875276    0.1276497774594597    0.13110543245204723
196.55891550193778    0.003428600548590765    0.1276768442771526    0.13110544482574335
196.86131383347922    0.0034023509780609835    0.127703105816655    0.131105456794716
197.16371216502066    0.0033769793056691627    0.12772848901623418    0.13110546832190334
197.46611049656212    0.003352551246280703    0.12775292813572628    0.13110547938200698
197.76850882810353    0.0033291248940735675    0.12777636508970527    0.13110548998377883
198.07090715964497    0.003306750780312193    0.12779874937994767    0.13110550016025987
198.37330549118641    0.0032854721728137813    0.12782003773971803    0.1311055099125318
198.67570382272788    0.0032653253188164345    0.12784019395623147    0.1311055192750479
198.9781021542693    0.003246340100467186    0.12785918824794215    0.13110552834840933
199.28050048581073    0.003228541216140911    0.12787699595885862    0.13110553717499954
199.5828988173522    0.0032119489680996582    0.12789359677500667    0.13110554574310632
199.88529714889364    0.0031965796677888314    0.12790897443543595    0.13110555410322478
200.18769548043508    0.003182446446646858    0.12792311585850824    0.1311055623051551
200.49009381197655    0.0031695600777215767    0.12793601025396936    0.13110557033169093
200.792492143518    0.0031579293274473096    0.1279476488544278    0.13110557818187513
201.09489047505946    0.0031475613160546496    0.12795802454012242    0.13110558585617707
201.39728880660084    0.003138461826221913    0.12796713147629452    0.13110559330251642
201.6996871381423    0.0031306352595539353    0.12797496523263768    0.1311056004921916
202.00208546968372    0.0031240846559574837    0.12798152274235425    0.13110560739831173
202.30448380122516    0.0031188115492187924    0.12798680235560014    0.13110561390481892
202.6068821327666    0.0031148151092921864    0.12799080479739003    0.1311056199066822
202.90928046430807    0.003112091297426301    0.12799353407695255    0.13110562537437884
203.2116787958495    0.0031106324932288374    0.12799499774847078    0.13110563024169963
203.51407712739098    0.003110426877472845    0.12799520754202232    0.13110563441949516
203.81647545893242    0.0031114576231974457    0.12799418024932951    0.13110563787252696
204.11887379047386    0.0031137023716873357    0.12799193817027107    0.13110564054195842
204.42127212201527    0.0031171325271353053    0.1279885098087875    0.1311056423359228
204.72367045355674    0.003121712339473246    0.12798393088401297    0.13110564322348622
205.02606878509815    0.0031273984343213757    0.1279782447629815    0.1311056431973029
205.3284671166396    0.003134139644248886    0.127971502591658    0.13110564223590687
205.63086544818103    0.0031418768977942687    0.1279637634612761    0.13110564035907038
205.9332637797225    0.003150543419607878    0.12795509416635306    0.13110563758596094
206.23566211126393    0.0031600649535673446    0.12794556894532674    0.1311056338988941
206.5380604428054    0.0031703598588586814    0.127935269474612    0.1311056293334707
206.84045877434684    0.0031813397141935056    0.1279242842584025    0.131105623972596
207.14285710588825    0.0031929104029291416    0.12791270746727132    0.13110561787020047
207.4452554374297    0.0032049731763893496    0.1279006379257894    0.13110561110217875
207.74765376897116    0.0032174259835399646    0.12788817780602144    0.1311056037895614
208.0500521005126    0.0032301651934622403    0.12787543083713807    0.13110559603060032
208.352450432054    0.003243087268399362    0.1278625006614674    0.13110558792986676
208.65484876359545    0.0032560905520752303    0.12784948909283056    0.1311055796449058
208.95724709513692    0.0032690774694807655    0.127836493862804    0.13110557133228476
209.25964542667836    0.0032819567709331658    0.1278236063569815    0.13110556312791466
209.56204375821983    0.003294645590518483    0.1278109095789607    0.1311055551694792
209.86444208976127    0.0033070713964630603    0.1277984761843815    0.13110554758084456
210.16684042130268    0.003319173758775476    0.12778636671623342    0.13110554047500889
210.46923875284412    0.0033309058776471727    0.12777462807345424    0.13110553395110142
210.7716370843856    0.0033422356155856244    0.12776329242481238    0.13110552804039802
211.07403541592703    0.0033531457070070107    0.1277523770165996    0.13110552272360662
211.37643374746847    0.0033636334416088285    0.12774188454548727    0.1311055179870961
211.67883207900988    0.0033737100983671346    0.12773180368442283    0.13110551378278995
211.98123041055135    0.0033833998498880888    0.1277221101705529    0.131105510020441
212.2836287420928    0.0033927381059642584    0.12771276849723565    0.13110550660319992
212.58602707363423    0.003401769542483365    0.1277037338541946    0.13110550339667795
212.8884254051757    0.0034105456688575965    0.12769495455808488    0.13110550022694248
213.1908237367171    0.0034191219658207903    0.12768637495900062    0.1311054969248214
213.49322206825855    0.0034275549051593314    0.1276779383944428    0.13110549329960214
213.79562039980001    0.0034358987453718196    0.12766959038414205    0.13110548912951386
214.09801873134145    0.0034442021013343046    0.12766128211197356    0.13110548421330787
214.4004170628829    0.0034525046657666583    0.12765297369506157    0.13110547836082823
214.70281539442436    0.0034608341325618607    0.1276446372553416    0.13110547138790346
215.0052137259658    0.0034692034092400677    0.1276362597648688    0.13110546317410887
215.3076120575072    0.0034776085471779792    0.12762784510856295    0.13110545365574094
215.61001038904865    0.0034860273951541902    0.12761941539957034    0.13110544279472452
215.91240872059012    0.003494418780892211    0.1276110118158297    0.13110543059672192
216.21480705213153    0.00350272227270213    0.127602694816388    0.13110541708909013
216.51720538367297    0.0035108584125083378    0.12759454392026262    0.13110540233277096
216.8196037152144    0.0035187295784185396    0.12758665691552049    0.13110538649393902
217.12200204675588    0.0035262219043359876    0.127579147879635    0.131105369783971
217.42440037829732    0.0035332077852129645    0.12757214460060778    0.13110535238582074
217.7267987098388    0.0035395485006062466    0.12756578606037453    0.13110533456098078
218.02919704138023    0.003545097640167095    0.12756021902196021    0.1311053166621273
218.33159537292167    0.0035497053157722953    0.12755559367171004    0.13110529898748233
218.63399370446308    0.0035532221234978213    0.12755205969310238    0.1311052818166002
218.93639203600455    0.003555503027581461    0.12754976248267394    0.1311052655102554
219.23879036754596    0.0035564117648713444    0.12754883864698327    0.1311052504118546
219.5411886990874    0.0035558250287014937    0.12754941174953408    0.13110523677823557
219.84358703062884    0.0035536358060423547    0.12755158903030675    0.1311052248363491
220.1459853621703    0.00354975617071106    0.127555458610007    0.13110521478071807
220.44838369371175    0.0035441196010638906    0.12756108716079784    0.13110520676186171
220.75078202525322    0.003536682713463379    0.12756851817999298    0.13110520089345637
221.05318035679466    0.003527426347072186    0.12757777086446587    0.13110519721153804
221.35557868833607    0.0035163558228700855    0.12758883989842074    0.1311051957212908
221.6579770198775    0.003503500813470724    0.12760169565787902    0.13110519647134974
221.96037535141892    0.0034889152613473804    0.12761628419216633    0.1311051994535137
222.26277368296036    0.003472676625019423    0.12763252791489405    0.13110520453991348
222.56517201450183    0.003454884016903836    0.12765032756144867    0.1311052115783525
222.86757034604327    0.003435655843281796    0.12766956455988368    0.13110522040316547
223.16996867758473    0.0034151271838547153    0.12769010364025732    0.13110523082411205
223.47236700912617    0.003393447015369843    0.1277117956700526    0.13110524268542245
223.77476534066764    0.0033707755560956833    0.12773448022929101    0.1311052557853867
224.07716367220908    0.0033472811218717776    0.12775798871064473    0.1311052698325165
224.3795620037505    0.0033231363529279867    0.12778214826271037    0.13110528461563836
224.68196033529193    0.0032985149982733544    0.1278067849734998    0.13110529997177314
224.9843586668334    0.0032735890001807633    0.1278317265939872    0.13110531559416796
225.28675699837484    0.0032485246407972096    0.1278568065325925    0.13110533117338968
225.58915532991625    0.0032234787570401663    0.1278818677974465    0.13110534655448666
225.8915536614577    0.003198596165513257    0.1279067653949867    0.13110536156049996
226.19395199299916    0.003174007242966277    0.12793136872716618    0.13110537597013244
226.4963503245406    0.0031498255044655333    0.12795556419753093    0.13110538970199645
226.79874865608204    0.003126146356650131    0.12797925637548824    0.13110540273213836
227.1011469876235    0.003103046501974473    0.12800236846607466    0.13110541496804912
227.40354531916492    0.0030805831021622665    0.1280248432688852    0.13110542637104747
227.70594365070636    0.00305879349294111    0.12804664350660627    0.13110543699954738
228.00834198224783    0.0030376958748895115    0.12806775104170223    0.13110544691659173
228.31074031378927    0.0030172903281022474    0.12808816587098493    0.13110545619908717
228.6131386453307    0.0029975599662869553    0.12810790497387203    0.13110546494015898
228.91553697687212    0.00297847228708907    0.1281270009150069    0.13110547320209595
229.2179353084136    0.0029599806558818055    0.12814550042367218    0.13110548107955397
229.52033363995503    0.0029420261276693416    0.1281634625932587    0.13110548872092803
229.82273197149647    0.002924539695600833    0.1281809565743236    0.13110549626992443
230.12513030303793    0.002907444606050628    0.1281980592485433    0.13110550385459394
230.42752863457935    0.002890658516614153    0.12821485307260483    0.131105511589219
230.7299269661208    0.002874095461650109    0.12823142410915678    0.13110551957080688
231.03232529766223    0.002857667705279004    0.1282478601918341    0.1311055278971131
231.3347236292037    0.002841287576280097    0.1282642490676336    0.1311055366439137
231.63712196074513    0.002824869111697952    0.1282806767609099    0.13110554587260786
231.9395202922866    0.002808329643044205    0.12829722604372654    0.13110555568677074
232.24191862382798    0.0027915916119240695    0.12831397454015303    0.1311055661520771
232.54431695536945    0.0027745839420139392    0.12833099329447137    0.1311055772364853
232.8467152869109    0.0027572426840594254    0.12834834629693745    0.13110558898099686
233.14911361845236    0.0027395121942029935    0.12836608933045565    0.13110560152465864
233.45151194999377    0.002721346922148438    0.1283842679555468    0.13110561487769523
233.7539102815352    0.0027027121879534184    0.12840291675582152    0.13110562894377495
234.05630861307665    0.002683584087298485    0.12842205963428344    0.13110564372158193
234.35870694461812    0.0026639499171056315    0.12844170931985968    0.13110565923696532
234.66110527615956    0.002643808741428452    0.12846186668478352    0.13110567542621196
234.96350360770103    0.002623171247381176    0.12848252096370993    0.1311056922110911
235.26590193924247    0.002602059323917369    0.1285036502061439    0.1311057095300613
235.56830027078388    0.0025805057133676656    0.12852522160374508    0.13110572731711273
235.87069860232532    0.0025585536179470168    0.1285471919059958    0.13110574552394283
236.17309693386673    0.00253625628153039    0.12856950779190768    0.13110576407343807
236.47549526540817    0.0025136762038151256    0.12859210662510753    0.13110578282892266
236.77789359694964    0.0024908838040260018    0.12861491787422594    0.13110580167825195
237.08029192849108    0.0024679560739192096    0.12863786445735478    0.13110582053127398
237.38269026003255    0.002444975253035253    0.12866086398181756    0.1311058392348528
237.685088591574    0.002422027016793953    0.12868383059725835    0.1311058576140523
237.98748692311543    0.002399198396049529    0.12870667714693246    0.13110587554298198
238.2898852546569    0.002376575937632627    0.12872931693606893    0.13110589287370156
238.5922835861983    0.002354244150241958    0.12875166530415866    0.13110590945440062
238.89468191773975    0.002332283589346389    0.12877364152598803    0.13110592511533442
239.19708024928116    0.0023107687690931433    0.12879517097362794    0.13110593974272108
239.4994785808226    0.002289766740361182    0.12881618658483104    0.13110595332519223
239.80187691236407    0.002269336525515054    0.12883662928657477    0.13110596581208983
240.1042752439055    0.00224952844817252    0.12885644864112586    0.1311059770892984
240.40667357544697    0.002230383206635974    0.128875603951811    0.13110598715844696
240.7090719069884    0.0022119317868943993    0.12889406431073536    0.13110599609762977
241.01147023852985    0.002194196087467019    0.12891180783178158    0.1311060039192486
241.31386857007132    0.00217718929465757    0.1289288213722036    0.13110601066686117
241.61626690161273    0.0021609165074237212    0.12894509995582965    0.13110601646325337
