0.0    8.099935942461809e-25    0.9995739550881488    0.0004260449118511836    3.090617563021162e-28
0.30239833154144274    8.099898039859381e-25    0.9995665281682776    0.0004334718317224029    3.145607431494862e-28
0.6047966630828855    8.0997878813752715e-25    0.9995445892834403    0.00045541071655963856    3.3079938937129047e-28
0.9071949946243281    8.099609248432061e-25    0.9995086398157194    0.0004913601842806155    3.5739955220807745e-28
1.209593326165771    8.099359711237783e-25    0.9994583679998642    0.0005416320001357288    3.946041883557858e-28
1.5119916577072137    8.099029315147623e-25    0.9993924703435306    0.000607529656469316    4.434087160184607e-28
1.8143899892486561    8.098605019630548e-25    0.999309225644194    0.0006907743558059467    5.0511711591542965e-28
2.116788320790099    8.098071122733386e-25    0.999206574591861    0.0007934254081389978    5.812994817036225e-28
2.419186652331542    8.097408471853891e-25    0.9990820182752885    0.0009179817247114379    6.738709385681693e-28
2.721584983872984    8.096598787358672e-25    0.9989331417922682    0.0010668582077318681    7.846592763668479e-28
3.0239833154144273    8.095625438241784e-25    0.9987577339294134    0.001242266070586538    9.153273779363766e-28
3.3263816469558702    8.0944686804133395e-25    0.9985532151986944    0.001446784801305588    1.0678493838256832e-27
3.6287799784973123    8.0931058350047095e-25    0.9983166269687282    0.0016833730312718336    1.244492854776924e-27
3.9311783100387556    8.091514020296674e-25    0.9980449533817153    0.001955046618284687    1.4475455714347335e-27
4.233576641580198    8.0896684664666155e-25    0.9977349515239924    0.002265048476007653    1.6794840516118586e-27
4.5359749731216406    8.087541342635148e-25    0.9973830295699294    0.0026169704300705735    1.9430908371321847e-27
4.838373304663084    8.085104825572601e-25    0.9969856025283664    0.0030143974716336534    2.241147614079998e-27
5.140771636204526    8.082336058587075e-25    0.9965396766338378    0.003460323366162087    2.5759393142094043e-27
5.443169967745968    8.079217890827463e-25    0.9960429504550808    0.003957049544919204    2.9491801743730814e-27
5.745568299287412    8.0757297895014805e-25    0.9954927486909886    0.00450725130901143    3.3629225041452405e-27
6.047966630828855    8.0718433501246045e-25    0.9948854874480083    0.005114512551991687    3.8200056500550586e-27
6.350364962370297    8.067536933497927e-25    0.9942183990499366    0.005781600950063516    4.322592286446285e-27
6.6527632939117405    8.0628053009871e-25    0.9934906665173197    0.0065093334826803375    4.8712048754330145e-27
6.955161625453182    8.0576443828160375e-25    0.9927016229437126    0.00729837705628746    5.4662488251090814e-27
7.2575599569946245    8.0520380786000015e-25    0.9918491952088121    0.008150804791187908    6.109332423847719e-27
7.559958288536068    8.045965613146069e-25    0.9909307681510655    0.009069231848934494    6.802531247849149e-27
7.862356620077511    8.039411299471088e-25    0.9899443268723581    0.010055673127641942    7.5474118466441e-27
8.164754951618955    8.032365836706308e-25    0.9888886101854436    0.01111138981455642    8.344901939583597e-27
8.467153283160396    8.024822702843935e-25    0.9877626943321699    0.012237305667830064    9.195651127791288e-27
8.769551614701838    8.01677340897317e-25    0.9865654303254857    0.01343456967451428    1.0100505456951596e-26
9.071949946243281    8.008207894216511e-25    0.9852954607523476    0.014704539247652495    1.106046791015268e-26
9.374348277784724    7.999114364831296e-25    0.9839511744528566    0.016048825547143403    1.2076714484353708e-26
9.676746609326168    7.989472657367889e-25    0.9825299584991749    0.017470041500825047    1.3151257861307317e-26
9.979144940867611    7.979257616459021e-25    0.9810286508666665    0.018971349133333554    1.428660961540576e-26
10.281543272409053    7.968449455303995e-25    0.9794447226698779    0.020555277330121993    1.5484744151916698e-26
10.583941603950494    7.957025004623971e-25    0.9777751656174226    0.022224834382577392    1.674797379835296e-26
10.886339935491936    7.944946136322318e-25    0.9760151716998752    0.023984828300124838    1.8080106425755717e-26
11.188738267033381    7.932171572840079e-25    0.9741596507803839    0.025840349219615973    1.948526450086901e-26
11.491136598574824    7.918664923427814e-25    0.9722041840197789    0.027795815980221163    2.0967081446914792e-26
11.793534930116266    7.904381305669313e-25    0.9701433257669214    0.0298566742330785    2.2530039479779331e-26
12.09593326165771    7.8892618228495485e-25    0.9679699087426741    0.0320300912573259    2.4180021860649607e-26
12.398331593199151    7.873246666052625e-25    0.9656767377533472    0.034323262246652914    2.592300267619733e-26
12.700729924740594    7.856289187362556e-25    0.9632584162079705    0.03674158379202948    2.7763639508735426e-26
13.003128256282038    7.838357225069858e-25    0.9607114282221106    0.039288571777889345    2.970514090638381e-26
13.305526587823481    7.819416854864866e-25    0.9580320003203401    0.04196799967965997    3.175089125547329e-26
13.607924919364924    7.799423022652208e-25    0.95521497493365    0.0447850250663499    3.3905387492107397e-26
13.910323250906364    7.778341724791886e-25    0.9522566204516102    0.04774337954838987    3.6172021071578793e-26
14.212721582447807    7.756169144463917e-25    0.9491569984797236    0.05084300152027644    3.855116432558313e-26
14.515119913989249    7.732920506509422e-25    0.9459185842387102    0.05408141576128981    4.104128497205733e-26
14.817518245530692    7.708623956420356e-25    0.9425454299738343    0.05745457002616574    4.36395582109411e-26
15.119916577072136    7.683324269079698e-25    0.9390435146523918    0.06095648534760816    4.6341495845877346e-26
15.42231490861358    7.657064916517072e-25    0.9354185983446971    0.06458140165530293    4.914273950558628e-26
15.724713240155022    7.629874673411201e-25    0.9316746569621371    0.06832534303786288    5.204040009190409e-26
16.027111571696462    7.601789260505942e-25    0.9278164749354205    0.07218352506457953    5.503089343713133e-26
16.32950990323791    7.572872769068015e-25    0.9238522888589952    0.07614771114100484    5.810779785718697e-26
16.631908234779353    7.543211763499389e-25    0.9197932095059851    0.08020679049401494    6.126244388932147e-26
16.934306566320792    7.512896962370623e-25    0.9156509838134821    0.08434901618651788    6.448574618848398e-26
17.236704897862236    7.482012231036789e-25    0.9114364900251313    0.08856350997486881    6.776930426655692e-26
17.539103229403675    7.45064568084693e-25    0.9071609145167306    0.09283908548326944    7.110429257316135e-26
17.84150156094512    7.4188987198281195e-25    0.9028367679925806    0.09716323200741941    7.448055542954097e-26
18.143899892486562    7.386853932252607e-25    0.8984741477476548    0.1015258522523452    7.788981907492247e-26
18.446298224028006    7.354549066320562e-25    0.8940778591636137    0.10592214083638632    8.132829290252501e-26
18.74869655556945    7.322016795647468e-25    0.8896522232635393    0.1103477767364607    8.479269331556967e-26
19.05109488711089    7.289327753057738e-25    0.885206098611353    0.11479390138864705    8.827594035202734e-26
19.353493218652336    7.256571414525677e-25    0.8807505958542567    0.11924940414574335    9.176906929425293e-26
19.655891550193775    7.223823055383851e-25    0.8762951805378274    0.12370481946217268    9.526453505271428e-26
19.958289881735222    7.19113972573065e-25    0.8718471192174295    0.12815288078257045    9.875661463117105e-26
20.260688213276666    7.158566600579038e-25    0.8674121895601896    0.13258781043981036    1.0224077211889911e-25
20.563086544818105    7.126143907238738e-25    0.8629955483013804    0.13700445169861963    1.057129659602279e-25
20.865484876359545    7.09391057423747e-25    0.858602194681889    0.14139780531811091    1.09169284070315e-25
21.16788320790099    7.061903398744964e-25    0.8542368853183756    0.1457631146816243    1.126060271005891e-25
21.470281539442432    7.030165657193237e-25    0.8499051087507581    0.150094891249242    1.1601884738472382e-25
21.772679870983872    6.998746473029435e-25    0.8456129428091025    0.15438705719089743    1.1940281217164257e-25
22.07507820252532    6.967677474872573e-25    0.8413644489565594    0.15863555104344068    1.2275473781895467e-25
22.377476534066762    6.936977549617143e-25    0.8371624517689411    0.16283754823105887    1.2607271449258656e-25
22.679874865608202    6.906689341256035e-25    0.8330126729287552    0.16698732707124467    1.293524562946763e-25
22.98227319714965    6.876876000833821e-25    0.8289230073617448    0.17107699263825527    1.3258762627832346e-25
23.284671528691092    6.847586915433755e-25    0.8248995248088127    0.17510047519118727    1.3577326355921366e-25
23.587069860232532    6.818857839934922e-25    0.820946758333906    0.1790532416660941    1.3890577015075056e-25
23.88946819177397    6.790728530204264e-25    0.8170698491362028    0.18293015086379724    1.4198114765603945e-25
24.19186652331542    6.763238980679868e-25    0.813273938182483    0.1867260618175171    1.449953735212373e-25
24.494264854856862    6.736418759894737e-25    0.8095627314083998    0.19043726859160012    1.479454674953898e-25
24.796663186398302    6.710283956182384e-25    0.8059382088716593    0.1940617911283407    1.5082979707209195e-25
25.09906151793975    6.684847846986016e-25    0.8024021588204132    0.19759784117958673    1.5364701057044124e-25
25.40145984948119    6.660141605438667e-25    0.7989586239388489    0.2010413760611512    1.5639396648835293e-25
25.70385818102263    6.63620871622667e-25    0.7956129372343816    0.20438706276561833    1.5906629192744758e-25
26.006256512564075    6.613076644350696e-25    0.7923683183671465    0.20763168163285345    1.6166121572860663e-25
26.308654844105515    6.590756102903905e-25    0.7892259991180146    0.2107740008819855    1.6417764170655007e-25
26.611053175646962    6.569255232398156e-25    0.7861869820432128    0.21381301795678725    1.6661473072974223e-25
26.9134515071884    6.548575200461444e-25    0.7832515122940829    0.21674848770591712    1.689723407629261e-25
27.21584983872985    6.528718275121855e-25    0.7804200156181001    0.21957998438189977    1.7125021955058492e-25
27.51824817027129    6.509708185491395e-25    0.777695384109601    0.22230461589039907    1.7344596855977553e-25
27.82064650181273    6.491572884009492e-25    0.7750808949123169    0.2249191050876832    1.75556766766798e-25
28.123044833354175    6.474312347184263e-25    0.7725765209718035    0.22742347902819657    1.7758259059496678e-25
28.425443164895615    6.457906693539959e-25    0.7701799216977683    0.22982007830223158    1.7952540213246362e-25
28.72784149643706    6.442347987102361e-25    0.76789016434961    0.23210983565038995    1.8138596879568937e-25
29.030239827978498    6.427654127272442e-25    0.7657093849956748    0.23429061500432521    1.8316247435276425e-25
29.332638159519945    6.413851687857402e-25    0.7636407286949929    0.23635927130500714    1.848522350307768e-25
29.635036491061385    6.400945905543967e-25    0.7616847802155093    0.23831521978449074    1.8645470067938062e-25
29.937434822602825    6.388925321137683e-25    0.7598401594088434    0.24015984059115658    1.8797099065845578e-25
30.23983315414427    6.377799049832403e-25    0.7581078270643294    0.24189217293567056    1.894001668225159e-25
30.54223148568572    6.367597357832648e-25    0.7564910413926835    0.24350895860731636    1.907391758690228e-25
30.84462981722716    6.358336407311261e-25    0.7549913667636865    0.24500863323631353    1.9198637485308893e-25
31.147028148768605    6.350018115827034e-25    0.753608809991811    0.24639119000818885    1.9314154525644315e-25
31.449426480310045    6.342656989422127e-25    0.7523448473278109    0.24765515267218913    1.9420320968787605e-25
31.751824811851485    6.336278831129223e-25    0.751202148377644    0.24879785162235613    1.9516876104196359e-25
32.054223143392925    6.330901180494526e-25    0.7501822934265261    0.24981770657347382    1.960364185558254e-25
32.35662147493437    6.326524645409515e-25    0.7492847625766379    0.25071523742336216    1.968060946349575e-25
32.65901980647582    6.323134516991964e-25    0.7485071746294081    0.2514928253705918    1.9747923337387842e-25
32.96141813801726    6.320708668895247e-25    0.7478463222640389    0.2521536777359611    1.9805802063353372e-25
33.263816469558705    6.319221595444274e-25    0.7472987122243809    0.25270128777561907    1.9854498023515728e-25
33.566214801100145    6.318642010073533e-25    0.7468603280811222    0.25313967191887776    1.9894321412288326e-25
33.868613132641585    6.3189424994847e-25    0.7465276834455509    0.25347231655444913    1.9925543695373938e-25
34.171011464183024    6.320107809508287e-25    0.7462985462238682    0.25370145377613174    1.9948314751669335e-25
34.47340979572447    6.322113404793739e-25    0.7461693986221897    0.2538306013778103    1.99628772768778e-25
34.77580812726591    6.324905624732312e-25    0.7461334108327943    0.25386658916720567    1.996976522483329e-25
35.07820645880735    6.328417669385875e-25    0.7461824434518126    0.2538175565481874    1.9969643948762304e-25
35.3806047903488    6.332589869744665e-25    0.7463092532250148    0.2536907467749852    1.9963107499172235e-25
35.68300312189024    6.337368505485435e-25    0.7465072511358147    0.2534927488641852    1.9950690446646502e-25
35.98540145343168    6.342700694299883e-25    0.746769949044401    0.25323005095559903    1.993291898888913e-25
36.287799784973124    6.348532818944936e-25    0.7470908425289471    0.25290915747105286    1.9910326680580053e-25
36.59019811651457    6.3548094645941555e-25    0.7474633262144614    0.25253667378553857    1.9883465060285324e-25
36.89259644805601    6.361476770815241e-25    0.7478810180792925    0.2521189819207074    1.9852870131163461e-25
37.19499477959746    6.368482823455675e-25    0.7483377048541515    0.2516622951458485    1.9819058442603803e-25
37.4973931111389    6.37577240673693e-25    0.748826781934145    0.25117321806585496    1.9782579569773971e-25
37.79979144268034    6.383289308605103e-25    0.7493416097544868    0.2506583902455132    1.9743993060566915e-25
38.10218977422178    6.390982494772966e-25    0.749876186279658    0.2501238137203421    1.9703806695599667e-25
38.404588105763224    6.398804363819976e-25    0.7504248916356033    0.24957510836439672    1.9662493937618433e-25
38.70698643730467    6.406709099488627e-25    0.7509823122358609    0.24901768776413918    1.962051040898665e-25
39.00938476884612    6.414654433713736e-25    0.7515434466590863    0.24845655334091366    1.9578276261877058e-25
39.31178310038755    6.422597814237573e-25    0.7521032849159982    0.24789671508400182    1.9536214502648178e-25
39.614181431929    6.4304936720465045e-25    0.7526565351620716    0.24734346483792846    1.9494778318003498e-25
39.916579763470445    6.438300066895475e-25    0.7531983371057163    0.24680166289428382    1.9454384620205223e-25
40.218978095011884    6.445983079600132e-25    0.7537246889708608    0.24627531102913927    1.9415370124546378e-25
40.52137642655333    6.453512347068244e-25    0.7542319747878294    0.24576802521217062    1.937803599946278e-25
40.82377475809477    6.46085694525479e-25    0.7547165666873503    0.24528343331264968    1.9342689037463163e-25
41.12617308963621    6.467984680746347e-25    0.7551747284972652    0.2448252715027347    1.9309648739768247e-25
41.42857142117766    6.474861842982153e-25    0.7556025387623465    0.24439746123765338    1.9279249794493526e-25
41.73096975271909    6.481455814544313e-25    0.7559961812991418    0.24400381870085816    1.925181597408505e-25
42.03336808426054    6.487738524835027e-25    0.7563523543193165    0.24364764568068348    1.9227625598879835e-25
42.33576641580198    6.493683467039123e-25    0.7566679465780741    0.24333205342192576    1.9206941367859412e-25
42.638164747343424    6.499260766532801e-25    0.7569394886218092    0.24306051137819076    1.9190059674937502e-25
42.940563078884864    6.504439879242456e-25    0.7571634513809048    0.24283654861909526    1.9177283625687914e-25
43.24296141042631    6.509194303521808e-25    0.7573367622095667    0.24266323779043325    1.916887591885004e-25
43.545359741967744    6.513499563360525e-25    0.7574565786919001    0.24254342130809994    1.9165079014526576e-25
43.84775807350919    6.517330062325963e-25    0.7575199384958806    0.24248006150411944    1.9166146595058423e-25
44.15015640505064    6.520659906212591e-25    0.7575238400966321    0.24247615990336777    1.9172335338787278e-25
44.45255473659208    6.523464197859264e-25    0.7574653997210398    0.24253460027896018    1.9183891972104555e-25
44.754953068133524    6.525720140694778e-25    0.7573420060810796    0.24265799391892037    1.9201042234169561e-25
45.05735139967497    6.527406314030615e-25    0.7571512318860569    0.24284876811394296    1.9223998124147224e-25
45.359749731216404    6.5284991458809295e-25    0.7568904249558192    0.2431095750441809    1.9252993173177617e-25
45.66214806275785    6.528975787884313e-25    0.7565570190153798    0.24344298098462022    1.9288253695324024e-25
45.9645463942993    6.528819894226037e-25    0.7561490975438904    0.24385090245610966    1.9329940998485642e-25
46.26694472584074    6.528013085667213e-25    0.7556644186405765    0.2443355813594234    1.9378236744208858e-25
46.569343057382184    6.526525502837572e-25    0.7550995581238448    0.24490044187615523    1.943343741482592e-25
46.87174138892363    6.524328897953893e-25    0.7544515038716734    0.2455484961283266    1.949582339631561e-25
47.174139720465064    6.521410956594107e-25    0.7537190625030127    0.24628093749698732    1.9565515760611115e-25
47.47653805200651    6.517766485836795e-25    0.7529016620490395    0.24709833795096042    1.9642564384262382e-25
47.77893638354794    6.513383987770692e-25    0.7519978964121238    0.24800210358787628    1.9727082213348432e-25
48.0813347150894    6.508244066526221e-25    0.7510054997547273    0.24899450024527275    1.981926119313297e-25
48.38373304663084    6.502324433537249e-25    0.7499219917795437    0.25007800822045634    1.9919322215379856e-25
48.68613137817228    6.495608565651901e-25    0.7487456042914523    0.2512543957085476    2.0027428537158448e-25
48.988529709713724    6.488089163743788e-25    0.7474755681190712    0.2525244318809287    2.0143651194640779e-25
49.290928041255164    6.479762211495349e-25    0.7461114858413942    0.2538885141586059    2.0268028415151978e-25
49.593326372796604    6.470627257673147e-25    0.7446534195834704    0.25534658041652947    2.0400562794277493e-25
49.89572470433805    6.460689990118786e-25    0.7431020125919955    0.2568979874080045    2.0541195555770325e-25
50.1981230358795    6.449951494911327e-25    0.7414571897631761    0.2585428102368239    2.0689913959702146e-25
50.50052136742093    6.438403161163908e-25    0.739717781168028    0.260282218831972    2.084680225424594e-25
50.80291969896238    6.426035965908863e-25    0.7378826633497213    0.26211733665027864    2.1011948826576446e-25
51.10531803050382    6.412839232203131e-25    0.7359505455376439    0.2640494544623561    2.1185458621561827e-25
51.40771636204526    6.398798319062395e-25    0.733919766423541    0.26608023357645905    2.136747624215832e-25
51.71011469358671    6.383912840839813e-25    0.7317903684961479    0.26820963150385213    2.155800375530698e-25
52.01251302512815    6.3682045699330575e-25    0.7295648040257146    0.2704351959742855    2.175682166446979e-25
52.31491135666959    6.351694928846483e-25    0.727245277008492    0.272754722991508    2.1963713988552426e-25
52.61730968821103    6.334385252324961e-25    0.7248315595556547    0.2751684404443453    2.2178665640074617e-25
52.91970801975247    6.316260907493709e-25    0.7223215901104163    0.2776784098895837    2.2401821223289105e-25
53.222106351293924    6.297310368696723e-25    0.7197137978838654    0.28028620211613464    2.2633294285297094e-25
53.524504682835364    6.277539902976157e-25    0.7170087035098442    0.2829912964901557    2.2873020460732647e-25
53.8269030143768    6.256960146976703e-25    0.7142071882835684    0.28579281171643156    2.3120891702148406e-25
54.12930134591824    6.235562696498773e-25    0.711307961280477    0.28869203871952287    2.337699038382776e-25
54.4316996774597    6.213329075863702e-25    0.7083088155224164    0.2916911844775835    2.3641499607432836e-25
54.73409800900114    6.190249251852914e-25    0.7052086398071121    0.2947913601928877    2.391451806191687e-25
55.03649634054258    6.166311491566476e-25    0.7020061933678498    0.2979938066321502    2.4196161444254714e-25
55.33889467208402    6.141495894850779e-25    0.6986994725129126    0.3013005274870874    2.448662713448054e-25
55.64129300362546    6.115791143094663e-25    0.6952875061699911    0.3047124938300088    2.4786026707005177e-25
55.94369133516691    6.0891963090467645e-25    0.6917704425091975    0.30822955749080255    2.509436783166318e-25
56.24608966670835    6.06170485757253e-25    0.6881479232441835    0.31185207675581644    2.541171426533399e-25
56.54848799824979    6.033303761641884e-25    0.6844191289763701    0.3155808710236298    2.5738194691262076e-25
56.85088632979123    6.003989304095068e-25    0.6805844594023118    0.3194155405976881    2.607384470060184e-25
57.15328466133268    5.973782306348337e-25    0.6766470656977264    0.32335293430227363    2.6418454504571753e-25
57.45568299287412    5.942724201859377e-25    0.6726122551260665    0.3273877448739335    2.6771608199013424e-25
57.758081324415556    5.910851876244111e-25    0.6684847676845117    0.3315152323154884    2.713293536243401e-25
58.060479655956996    5.8781936446159065e-25    0.664268570701455    0.33573142929854505    2.750215128186505e-25
58.36287798749844    5.844799801840694e-25    0.6599700396302544    0.3400299603697457    2.7878751449594165e-25
58.66527631903989    5.8107477486772e-25    0.6555980459802556    0.3444019540197443    2.82619603010473e-25
58.96767465058133    5.776107196768488e-25    0.6511602430546148    0.34883975694538527    2.865107916411458e-25
59.27007298212277    5.740926316634697e-25    0.6466620564606643    0.35333794353933573    2.9045624778482046e-25
59.572471313664224    5.705251657914321e-25    0.6421089380747391    0.3578910619252608    2.9445130092518188e-25
59.87486964520565    5.669142727279463e-25    0.6375076638096113    0.3624923361903887    2.984899848343058e-25
60.1772679767471    5.632669161631992e-25    0.6328658108823002    0.36713418911769974    3.025653202458489e-25
60.47966630828854    5.595895673778825e-25    0.6281901090608727    0.37180989093912736    3.0667082027972565e-25
60.78206463982998    5.5588676652494965e-25    0.6234851128121106    0.3765148871878894    3.108019291523276e-25
61.08446297137144    5.52161842518997e-25    0.6187541859866339    0.38124581401336616    3.1495530227933328e-25
61.38686130291288    5.484182564911221e-25    0.6140008363708289    0.38599916362917114    3.1912746281336512e-25
61.68925963445432    5.44658988157367e-25    0.6092279712743367    0.39077202872566325    3.2331541526781887e-25
61.991657965995756    5.408857424396434e-25    0.6044371850421734    0.39556281495782664    3.275174388881844e-25
62.29405629753721    5.3709925827149535e-25    0.5996290798003415    0.40037092019965836    3.3173277883877614e-25
62.596454629078636    5.332993130593637e-25    0.5948032066103505    0.4051967933896497    3.3596164173415864e-25
62.89885296062009    5.294850493426615e-25    0.5899585811110238    0.41004141888897616    3.4020486897171208e-25
63.20125129216153    5.256557773684957e-25    0.5850946048632575    0.41490539513674246    3.4446313415007517e-25
63.50364962370297    5.218102743397333e-25    0.5802102098810106    0.4197897901189894    3.4873764381501143e-25
63.806047955244416    5.17946095433377e-25    0.5753032093676832    0.42469679063231675    3.5303082643591083e-25
64.10844628678585    5.140612094151909e-25    0.570372132644091    0.42962786735590885    3.5734469678675045e-25
64.4108446183273    5.101553229579886e-25    0.5654174768581995    0.43458252314180046    3.616795316236729e-25
64.71324294986874    5.062287919308572e-25    0.56044041370106    0.43955958629893993    3.6603495839228156e-25
65.01564128141018    5.0228118504864125e-25    0.5554412715990821    0.44455872840091787    3.7041139157589273e-25
65.31803961295164    4.983111718086313e-25    0.5504195100877485    0.4495804899122516    3.7481014475799475e-25
65.62043794449308    4.9431784648779135e-25    0.5453753221092303    0.45462467789076955    3.7923210662564265e-25
65.92283627603452    4.903023833542537e-25    0.5403113981009215    0.4596886018990784    3.8367608575970946e-25
66.22523460757596    4.862677130256921e-25    0.5352322794565749    0.46476772054342497    3.881391342789641e-25
66.52763293911741    4.822169676296328e-25    0.5301425640793678    0.4698574359206323    3.9261810268279033e-25
66.83003127065885    4.78153540382082e-25    0.5250470632243363    0.4749529367756638    3.971095802766213e-25
67.13242960220029    4.740814757050468e-25    0.5199512146389587    0.4800487853610413    4.0160950505993005e-25
67.43482793374173    4.700043771313635e-25    0.5148599770222694    0.4851400229777306    4.061142558280399e-25
67.73722626528317    4.659254324042398e-25    0.5097780370201531    0.4902219629798469    4.106206270801998e-25
68.03962459682461    4.618493964708083e-25    0.5047118398445776    0.4952881601554225    4.151238460341198e-25
68.34202292836605    4.57783264631716e-25    0.4996700448034481    0.5003299551965519    4.196168994846077e-25
68.6444212599075    4.537346868328094e-25    0.4946617883011572    0.5053382116988429    4.240921195210048e-25
68.94681959144894    4.497103167150173e-25    0.48969505134987995    0.5103049486501201    4.285428344872702e-25
69.24921792299038    4.457158762505959e-25    0.4847768475665039    0.515223152433496    4.329633043564396e-25
69.55161625453182    4.417579445274889e-25    0.4799151098076413    0.5200848901923587    4.373469319573123e-25
69.85401458607326    4.37844827034307e-25    0.4751193954311537    0.5248806045688463    4.416853937005703e-25
70.1564129176147    4.339846403300731e-25    0.470398778866109    0.5296012211338912    4.45970554920074e-25
70.45881124915614    4.301837856821051e-25    0.4657605179865833    0.5342394820134166    4.501959962464547e-25
70.7612095806976    4.264484009908716e-25    0.46121174124975617    0.5387882587502437    4.543555616942298e-25
71.06360791223904    4.227857758051887e-25    0.45676071806234453    0.5432392819376556    4.584419436587301e-25
71.36600624378048    4.192034716062118e-25    0.4524157867929881    0.5475842132070119    4.624475626444762e-25
71.66840457532193    4.157081280402545e-25    0.4481842141389196    0.5518157858610805    4.663657610450443e-25
71.97080290686336    4.123053687737272e-25    0.4440722250854466    0.5559277749145534    4.7019089730138905e-25
72.27320123840481    4.09000472950307e-25    0.44008574620915947    0.5599142537908404    4.739176744582577e-25
72.57559956994625    4.0579922267806145e-25    0.4362312154344118    0.5637687845655883    4.775402926902949e-25
72.87799790148769    4.0270775401156817e-25    0.43251529194895183    0.567484708051048    4.810525983327797e-25
73.18039623302914    3.9973155453849257e-25    0.4289438428978992    0.5710561571021008    4.844490863080472e-25
73.48279456457058    3.968753996642643e-25    0.4255220148873118    0.5744779851126883    4.877249638545316e-25
73.78519289611202    3.9414403265013727e-25    0.42225494016788856    0.5777450598321114    4.908754705026694e-25
74.08759122765346    3.9154223446613266e-25    0.41914777693036565    0.5808522230696344    4.938958082357172e-25
74.38998955919492    3.890748303658679e-25    0.4162057698464988    0.5837942301535011    4.967811349283232e-25
74.69238789073636    3.867469366692553e-25    0.4134344641735183    0.5865655358264816    4.995263175767131e-25
74.9947862222778    3.8456361706364086e-25    0.41083922437123166    0.5891607756287682    5.021262760101448e-25
75.29718455381924    3.82529565042835e-25    0.4084249003916806    0.5915750996083192    5.045763004641132e-25
75.59958288536068    3.8064945554252856e-25    0.4061962668321877    0.5938037331678123    5.068716999568993e-25
75.90198121690213    3.7892791281589303e-25    0.40415803281091434    0.5958419671890857    5.090078344255058e-25
76.20437954844355    3.773690243084318e-25    0.40231434903775165    0.5976856509622485    5.109806008620251e-25
76.50677787998501    3.759763966043934e-25    0.4006688104840191    0.599331189515981    5.12786377377422e-25
76.80917621152645    3.747534060752114e-25    0.3992246566053022    0.6007753433946978    5.14421772562467e-25
77.11157454306789    3.7370322574581845e-25    0.3979848597500091    0.602015140249991    5.158835986302132e-25
77.41397287460934    3.7282894616783253e-25    0.3969522930306507    0.6030477069693493    5.171687505512333e-25
77.71637120615078    3.7213324778617043e-25    0.39612927531113074    0.6038707246888693    5.182745336949635e-25
78.01876953769224    3.7161757105318034e-25    0.3955166555500858    0.6044833444499141    5.191994937233412e-25
78.32116786923366    3.7128210697094455e-25    0.39511394478186085    0.6048860552181392    5.199434260559998e-25
78.6235662007751    3.711264286538247e-25    0.39492007743462315    0.6050799225653768    5.205067443145737e-25
78.92596453231656    3.711495140451302e-25    0.3949333777452807    0.6050666222547193    5.208904576121832e-25
79.228362863858    3.7134969791751156e-25    0.395151431839639    0.6048485681603609    5.210962185589224e-25
79.53076119539945    3.717249753626136e-25    0.39557138739348535    0.6044286126065147    5.211260197783165e-25
79.83315952694089    3.7227256963349763e-25    0.39618955016791507    0.603810449832085    5.209826260714719e-25
80.13555785848231    3.7298813216820895e-25    0.3970006397713448    0.6029993602286552    5.206703743999623e-25
80.43795619002377    3.738660332367939e-25    0.39799812486822994    0.6020018751317702    5.201948832443202e-25
80.74035452156521    3.7490044568632225e-25    0.3991753419531851    0.6008246580468148    5.195619688639549e-25
81.04275285310666    3.7608624960700185e-25    0.4005264940039455    0.5994735059960544    5.18776740635969e-25
81.3451511846481    3.7741913844620683e-25    0.4020467606135957    0.5979532393864043    5.178434949463803e-25
81.64754951618954    3.788943908219724e-25    0.40373087912372724    0.5962691208762727    5.1676694338190745e-25
81.94994784773098    3.805058163107481e-25    0.4055720315947922    0.5944279684052078    5.155532669470245e-25
82.25234617927242    3.8224691446969332e-25    0.407563198035637    0.5924368019643629    5.142089570455295e-25
82.55474451081386    3.8411239854868953e-25    0.4096987446608401    0.5903012553391599    5.127392917718463e-25
82.85714284235532    3.8609766950109607e-25    0.41197379163052283    0.5880262083694772    5.111488619033699e-25
83.15954117389676    3.8819802659906137e-25    0.4143834526950906    0.5856165473049094    5.094423602879779e-25
83.46193950543818    3.9040929181061447e-25    0.4169235322857076    0.5830764677142923    5.076239574689189e-25
83.76433783697964    3.9272842774675185e-25    0.4195910774886837    0.5804089225113164    5.056966837387139e-25
84.06673616852108    3.951533419095993e-25    0.4223840791512484    0.5776159208487516    5.036626248913432e-25
84.36913450006251    3.9768225734103953e-25    0.42530074041592064    0.5746992595840793    5.01523551573423e-25
84.67153283160395    4.003129978986024e-25    0.4283387297940327    0.5716612702059671    4.9928163400759245e-25
84.97393116314541    4.030432939698622e-25    0.4314956361343952    0.5685043638656048    4.969391362763215e-25
85.27632949468685    4.058717946669447e-25    0.4347700719053609    0.5652299280946391    4.944974041248158e-25
85.57872782622829    4.0879784426138435e-25    0.43816136275266027    0.5618386372473397    4.919570885229641e-25
85.88112615776973    4.1182085954255497e-25    0.44166891911082606    0.5583310808891738    4.893187683033548e-25
86.18352448931117    4.149407918729844e-25    0.4452926615522814    0.5547073384477186    4.865824881017465e-25
86.48592282085262    4.181578701461166e-25    0.44903254186849834    0.5509674581315017    4.837480153944206e-25
86.78832115239406    4.214714191056021e-25    0.4528873912784496    0.5471126087215504    4.808160221733965e-25
87.09071948393549    4.2488022740913375e-25    0.45685559062464487    0.5431444093753551    4.77787716876467e-25
87.39311781547694    4.283835501698632e-25    0.4609360599307457    0.5390639400692542    4.746638418392163e-25
87.69551614701838    4.319806744340279e-25    0.4651275760358105    0.5348724239641895    4.714451078107767e-25
87.99791447855984    4.356703128847491e-25    0.46942814687330225    0.5305718531266979    4.681328002435347e-25
88.30031281010127    4.394506310697082e-25    0.47383518245428974    0.5261648175457101    4.6472875205899695e-25
88.6027111416427    4.433193043616118e-25    0.47834568804745853    0.5216543119525415    4.612352866803725e-25
88.90510947318415    4.472740120830368e-25    0.48295676357299144    0.5170432364270087    4.5765472390011445e-25
89.2075078047256    4.513125925481751e-25    0.4876655288345042    0.5123344711654958    4.539892248303991e-25
89.50990613626705    4.55432141172899e-25    0.49246814776949754    0.5075318522305026    4.502416937857537e-25
89.81230446780849    4.596290807367726e-25    0.4973601476117349    0.502639852388265    4.464157080139641e-25
90.11470279934994    4.639000670781816e-25    0.5023373180987287    0.4976626819012712    4.4251461199409075e-25
90.41710113089137    4.682414055454904e-25    0.5073948929761154    0.4926051070238847    4.385421009788589e-25
90.71949946243281    4.726485283601953e-25    0.5125271389909125    0.4874728610090874    4.345027436253272e-25
91.02189779397426    4.77116786298653e-25    0.5177283122155735    0.4822716877844266    4.304011903067478e-25
91.3242961255157    4.816409101051957e-25    0.5229920097874381    0.47700799021256207    4.262427116927539e-25
91.62669445705716    4.862139611752451e-25    0.5283101877680757    0.4716898122319243    4.220342480598865e-25
91.9290927885986    4.908289964637019e-25    0.5336750283342657    0.4663249716657343    4.177827443777363e-25
92.23149112014002    4.954811457889091e-25    0.5390808773676738    0.4609191226323262    4.1349307300061873e-25
92.53388945168147    5.001666612953643e-25    0.5445229859443358    0.4554770140556644    4.0916898420084453e-25
92.83628778322291    5.04880236121988e-25    0.5499947047822487    0.4500052952177513    4.048157874959849e-25
93.13868611476437    5.096135186206e-25    0.5554862171691172    0.4445137828308829    4.00441837425706e-25
93.44108444630581    5.143570309096121e-25    0.5609869693700565    0.4390130306299434    3.960566149939795e-25
93.74348277784726    5.191040770527725e-25    0.5664896448027359    0.43351035519726405    3.916668194870975e-25
94.04588110938869    5.2385072652932575e-25    0.571989483888755    0.42801051611124485    3.872763850012615e-25
94.34827944093013    5.285915694596451e-25    0.5774797667893594    0.4225202332106407    3.82890725215e-25
94.65067777247158    5.333185879127139e-25    0.5829511963341355    0.41704880366586455    3.7851786207971727e-25
94.95307610401302    5.380241088217265e-25    0.5883950820665458    0.4116049179334541    3.7416547290254786e-25
95.25547443555448    5.42701785760925e-25    0.5938040623652114    0.40619593763478856    3.6983990856891433e-25
95.55787276709589    5.473451349186634e-25    0.5991705702356406    0.4008294297643594    3.65547657569692e-25
95.86027109863734    5.519470474582604e-25    0.6044864472008943    0.3955135527991056    3.612958336409029e-25
96.1626694301788    5.56500380563645e-25    0.6097435839284235    0.3902564160715766    3.570915847186751e-25
96.46506776172023    5.609985813409824e-25    0.6149345415942217    0.3850654584057783    3.5294146903878416e-25
96.76746609326167    5.654354049598878e-25    0.6200521226896428    0.37994787731035734    3.488517369970132e-25
97.06986442480311    5.69803520897514e-25    0.6250879781564429    0.37491202184355704    3.448297249071886e-25
97.37226275634455    5.740947433033736e-25    0.6300331444780127    0.3699668555219874    3.408836246388013e-25
97.674661087886    5.783021972761586e-25    0.6348802075831008    0.3651197924168991    3.3702031734315377e-25
97.97705941942745    5.824203851017392e-25    0.6396230811850999    0.3603769188149001    3.3324530721878424e-25
98.27945775096889    5.8644361628520505e-25    0.6442555410181304    0.35574445898186957    3.2956429148323755e-25
98.58185608251033    5.90366522878731e-25    0.6487718763964452    0.3512281236035547    3.259826450490261e-25
98.88425441405177    5.941849380675482e-25    0.6531674687678185    0.3468325312321815    3.2250454194194636e-25
99.18665274559321    5.97894800605005e-25    0.6574375782833674    0.3425624217166327    3.1913405087105762e-25
99.48905107713465    6.014914165221741e-25    0.6615768822387581    0.3384231177612418    3.158758735242878e-25
99.7914494086761    6.04970094434925e-25    0.6655802655273669    0.3344197344726331    3.1273470926644996e-25
100.09384774021754    6.083268842628689e-25    0.6694435364217373    0.3305564635782629    3.0971451642523772e-25
100.396246071759    6.115592750228515e-25    0.6731639880290058    0.3268360119709941    3.06817814503028e-25
100.69864440330042    6.146659783229007e-25    0.6767399473091471    0.32326005269085284    3.040459006885042e-25
101.00104273484186    6.176455216421891e-25    0.6801694219287904    0.3198305780712097    3.0140025658202356e-25
101.3034410663833    6.204960102555878e-25    0.6834501184249463    0.3165498815750537    2.9888278627599234e-25
101.60583939792475    6.232161035917251e-25    0.6865803741378644    0.31341962586213545    2.964948400016799e-25
101.90823772946621    6.258050037082065e-25    0.689559034577698    0.31044096542230193    2.9423722565880537e-25
102.21063606100763    6.282621365912653e-25    0.6923852297790084    0.3076147702209916    2.9211052752020236e-25
102.51303439254907    6.305873291643246e-25    0.6950585386911269    0.3049414613088731    2.9011492922688796e-25
102.81543272409051    6.327803518205291e-25    0.6975785095600855    0.30242149043991445    2.8825067125870538e-25
103.11783105563197    6.348407977636276e-25    0.6999446982684061    0.3000553017315939    2.8651817159633186e-25
103.42022938717342    6.36769166684873e-25    0.7021576816744026    0.29784231832559727    2.849169420463331e-25
103.72262771871485    6.3856680942741355e-25    0.704218759624176    0.295781240375824    2.8344564357800677e-25
104.0250260502563    6.402344005923943e-25    0.7061285549043854    0.2938714450956146    2.8210361371808644e-25
104.32742438179773    6.417716752854988e-25    0.7078870434056203    0.29211295659437975    2.808911298048951e-25
104.62982271333918    6.431787437273398e-25    0.7094948567612636    0.29050514323873644    2.798080943779216e-25
104.93222104488063    6.444571172458198e-25    0.7109540741332369    0.2890459258667632    2.7885300918396366e-25
105.23461937642206    6.456094837385901e-25    0.7122677899049884    0.28773221009501165    2.780231997120921e-25
105.53701770796351    6.466383451890726e-25    0.7134388088475863    0.28656119115241374    2.7731617767471803e-25
105.83941603950494    6.475451812300779e-25    0.7144691457413752    0.2855308542586247    2.767304774411299e-25
106.1418143710464    6.483316360120771e-25    0.7153613074375756    0.2846386925624243    2.7626446916621955e-25
106.44421270258785    6.490008963233684e-25    0.716119344987712    0.2838806550122879    2.7591498066654247e-25
106.74661103412927    6.495571699440575e-25    0.7167481463394727    0.28325185366052735    2.75677819061504e-25
107.04900936567073    6.500046632595205e-25    0.7172525540920597    0.2827474459079404    2.7554879315409785e-25
107.35140769721218    6.503476168645467e-25    0.7176374931093294    0.2823625068906706    2.755236778201537e-25
107.6538060287536    6.505906058319511e-25    0.7179082466836798    0.28209175331632014    2.7559791373288257e-25
107.95620436029506    6.507385142209773e-25    0.7180704403437997    0.28192955965620015    2.7576663284758633e-25
108.25860269183649    6.50796568212611e-25    0.7181300870219033    0.2818699129780967    2.760246252586994e-25
108.56100102337794    6.507704378366671e-25    0.7180936625420986    0.28190633745790133    2.7636623746372464e-25
108.8633993549194    6.506663365366949e-25    0.7179681501454197    0.28203184985458024    2.7678527278808877e-25
109.16579768646083    6.504911667144904e-25    0.7177611298660442    0.2822388701339559    2.772748458295896e-25
109.46819601800227    6.502523660696757e-25    0.7174806432303864    0.28251935676961343    2.778275361073601e-25
109.7705943495437    6.499574303623137e-25    0.7171347883792119    0.2828652116207882    2.7843586528710954e-25
110.07299268108515    6.496138267700129e-25    0.7167316422745282    0.28326835772547176    2.7909238381081152e-25
110.37539101262661    6.492293896918666e-25    0.7162795788480079    0.2837204211519922    2.797892750781948e-25
110.67778934416803    6.488123225103588e-25    0.7157872143509855    0.28421278564901464    2.805183536694575e-25
110.98018767570946    6.483707185536274e-25    0.7152630000266332    0.28473699997336677    2.8127154436729755e-25
111.28258600725091    6.4791247736243445e-25    0.7147152486044501    0.28528475139554993    2.8204096587321524e-25
111.58498433879237    6.474456447239237e-25    0.7141524345964628    0.2858475654035372    2.828185907555883e-25
111.88738267033382    6.469785700500211e-25    0.7135832212426836    0.2864167787573164    2.835960880521627e-25
112.18978100187525    6.465198138235026e-25    0.7130163198103763    0.2869836801896237    2.843649158046629e-25
112.4921793334167    6.460776934609576e-25    0.7124600780077055    0.28753992199229456    2.85116775176401e-25
112.79457766495813    6.4565968963564595e-25    0.7119219917166452    0.2880780082833549    2.858442041091915e-25
113.09697599649958    6.452727916149386e-25    0.7114090982216942    0.28859090177830593    2.865402319644588e-25
113.39937432804102    6.449243892106161e-25    0.7109287232069618    0.28907127679303823    2.8719748755119784e-25
113.70177265958246    6.446220548829673e-25    0.7104881896284297    0.28951181037157026    2.878084170007948e-25
114.00417099112391    6.443726860195661e-25    0.7100941170609227    0.2899058829390773    2.8836614146721695e-25
114.30656932266535    6.441822284140976e-25    0.7097521481628634    0.2902478518371367    2.8886473362593114e-25
114.6089676542068    6.440555405058932e-25    0.7094666833111444    0.2905333166888557    2.8929935341154877e-25
114.91136598574823    6.439966011652598e-25    0.7092412364267331    0.29075876357326685    2.896660402107538e-25
115.21376431728967    6.440094117907618e-25    0.7090794841876042    0.29092051581239564    2.8996081074442076e-25
115.51616264883111    6.440978667109376e-25    0.7089849893196633    0.2910150106803367    2.9017978864555644e-25
115.81856098037257    6.442645362890114e-25    0.7089599394502095    0.2910400605497904    2.903204213337429e-25
116.12095931191399    6.445108984471904e-25    0.709005500808559    0.2909944991914411    2.903812484701734e-25
116.42335764345545    6.4483879714745275e-25    0.7091232659426876    0.29087673405731246    2.903604434580064e-25
116.72575597499689    6.45250813510646e-25    0.7093155402001791    0.2906844597998209    2.902554423058907e-25
117.02815430653833    6.457493096041076e-25    0.7095842494240917    0.29041575057590824    2.900638998230418e-25
117.33055263807978    6.463351110467007e-25    0.7099295716817784    0.29007042831822166    2.897850069963763e-25
117.63295096962123    6.470074024940654e-25    0.710350204874188    0.289649795125812    2.894195954877715e-25
117.93534930116266    6.477658758761249e-25    0.7108457447899286    0.2891542552100714    2.8896798938030845e-25
118.23774763270409    6.486122172942001e-25    0.7114176610698913    0.2885823389301086    2.8842851826674877e-25
118.54014596424554    6.495484269195501e-25    0.7120672426421519    0.287932757357848    2.8779919733831706e-25
118.842544295787    6.505751701068312e-25    0.7127942594293962    0.2872057405706036    2.870793762589637e-25
119.14494262732845    6.51692328977703e-25    0.7135977175350382    0.2864022824649619    2.862691875690822e-25
119.44734095886987    6.528992605235862e-25    0.7144760753232718    0.2855239246767281    2.8536928857049516e-25
119.7497392904113    6.541944665151498e-25    0.7154270289619604    0.28457297103803963    2.843811914057702e-25
120.05213762195275    6.555763690197053e-25    0.7164482406647504    0.2835517593352495    2.8330648753198405e-25
120.3545359534942    6.570439736531974e-25    0.7175377733534264    0.2824622266465736    2.8214618446298863e-25
120.65693428503566    6.585960670012154e-25    0.7186932951537217    0.28130670484627834    2.8090150834439314e-25
120.95933261657709    6.602295948803136e-25    0.7199106290232427    0.2800893709767574    2.795755256878986e-25
121.26173094811854    6.619386515431752e-25    0.7211830964777526    0.2788169035222474    2.7817415416134495e-25
121.56412927965997    6.637162386612044e-25    0.7225036101908304    0.2774963898091696    2.767044036026994e-25
121.86652761120142    6.65557494745799e-25    0.7238674425492336    0.2761325574507664    2.7517114659886353e-25
122.16892594274287    6.674591479623796e-25    0.7252710073255945    0.27472899267440554    2.735776656761287e-25
122.4713242742843    6.694159372164023e-25    0.7267086826748305    0.27329131732516937    2.7192923222007688e-25
122.77372260582575    6.714202954750749e-25    0.7281731667894895    0.2718268332105105    2.7023342315884166e-25
123.07612093736718    6.734650741301922e-25    0.7296579750104731    0.2703420249895268    2.6849739660606005e-25
123.37851926890863    6.75544419348931e-25    0.7311579419502705    0.2688420580497296    2.667270155189442e-25
123.68091760045009    6.776525836357878e-25    0.7326681474417919    0.267331852558208    2.6492803614691705e-25
123.98331593199151    6.797832092469434e-25    0.7341833977464745    0.2658166022535256    2.631068246282634e-25
124.28571426353297    6.819304294374459e-25    0.7356993617260575    0.26430063827394257    2.612692557551436e-25
124.58811259507442    6.840910653105988e-25    0.7372143694623858    0.26278563053761417    2.594185161391699e-25
124.89051092661585    6.862643209479268e-25    0.7387285323797029    0.26127146762029696    2.5755540909929327e-25
125.19290925815727    6.884484497440819e-25    0.7402407038046018    0.25975929619539817    2.556816883447068e-25
125.49530758969873    6.906398512129928e-25    0.741748331273765    0.25825166872623506    2.538009611841433e-25
125.79770592124018    6.928360072298463e-25    0.743250276488163    0.2567497235118369    2.519157522996023e-25
126.10010425278162    6.950372835774884e-25    0.7447480836047814    0.25525191639521866    2.500257022188605e-25
126.40250258432306    6.972458773518813e-25    0.7462448022077479    0.253755197792252    2.481286199303989e-25
126.70490091586449    6.994638748534747e-25    0.7477429852071837    0.2522570147928163    2.4622242501128396e-25
127.00729924740594    7.016919163573311e-25    0.749243472586626    0.25075652741337395    2.4430648287647345e-25
127.3096975789474    7.039303018311565e-25    0.7507468830026024    0.24925311699739758    2.4238049908179695e-25
127.61209591048883    7.061812823901357e-25    0.7522557487094794    0.2477442512905206    2.404422278920958e-25
127.91449424203027    7.084481296392502e-25    0.7537731580159569    0.24622684198404313    2.3848840296221212e-25
128.2168925735717    7.107321721499472e-25    0.7553000061477358    0.24469999385226412    2.365177008822465e-25
128.51929090511314    7.130325591978362e-25    0.756835145940872    0.24316485405912805    2.3453097746124293e-25
128.8216892366546    7.153480895366755e-25    0.7583772773828118    0.2416227226171882    2.3252943897628212e-25
129.12408756819605    7.1767819872116995e-25    0.7599258829415784    0.24007411705842166    2.3051365487428824e-25
129.4264858997375    7.200224447278426e-25    0.7614804346489439    0.23851956535105603    2.284840721761499e-25
129.72888423127893    7.223786496404567e-25    0.7630384546943653    0.23696154530563474    2.2644287381671823e-25
130.03128256282037    7.2474221438936e-25    0.7645954502531248    0.2354045497468752    2.2439466393046047e-25
130.3336808943618    7.271084224305937e-25    0.7661474567701767    0.23385254322982332    2.2234416419633973e-25
130.63607922590327    7.294737374736792e-25    0.7676917227664366    0.23230827723356334    2.202949161351135e-25
130.93847755744468    7.31834158391898e-25    0.769224877448352    0.23077512255164795    2.182509262260873e-25
131.24087588898615    7.3418481081109875e-25    0.7707428184469898    0.2292571815530102    2.1621707434632176e-25
131.5432742205276    7.365209768412523e-25    0.7722416637383019    0.227758336261698    2.141980840668529e-25
131.84567255206903    7.388372527472973e-25    0.7737169582151641    0.22628304178483596    2.1219936500883203e-25
132.14807088361047    7.411266995961864e-25    0.7751632318334132    0.22483676816658682    2.102278622216748e-25
132.4504692151519    7.433825232182822e-25    0.7765756706788915    0.2234243293211085    2.0829037624687953e-25
132.75286754669335    7.456003673680596e-25    0.7779519740050672    0.2220480259949328    2.0639126998394708e-25
133.05526587823482    7.477787028741953e-25    0.779292256548988    0.2207077434510119    2.0453207956785116e-25
133.35766420977623    7.499160580733745e-25    0.7805961203858585    0.21940387961414157    2.0271428396160407e-25
133.6600625413177    7.520076201102051e-25    0.7818600471380187    0.21813995286198135    2.00942703679605e-25
133.9624608728591    7.5404710826333255e-25    0.7830800665622409    0.21691993343775912    1.9922362748158623e-25
134.26485920440058    7.5603217402783935e-25    0.7842563858691824    0.21574361413081755    1.9755941231063627e-25
134.56725753594202    7.579647226665994e-25    0.7853925832062196    0.21460741679378037    1.9594816176509879e-25
134.86965586748346    7.598466118073077e-25    0.7864916117053904    0.21350838829460966    1.9438802752427378e-25
135.1720541990249    7.6167826870520745e-25    0.7875551595031002    0.2124448404968998    1.9287859210410593e-25
135.47445253056634    7.63460796131439e-25    0.7885857029755501    0.21141429702444986    1.9141876298457516e-25
135.77685086210778    7.651974707788151e-25    0.7895875930008095    0.21041240699919056    1.9000527421955322e-25
136.07924919364922    7.668930464642854e-25    0.7905660934718374    0.2094339065281627    1.8863338325015089e-25
136.3816475251907    7.685516800786363e-25    0.7915255043565101    0.20847449564349    1.8729894496929381e-25
136.6840458567321    7.701766934158184e-25    0.7924694073251045    0.2075305926748956    1.859986499041731e-25
136.98644418827354    7.717730062075982e-25    0.7934028776098028    0.20659712239019723    1.8472759119176775e-25
137.288842519815    7.733472079132157e-25    0.7943319832393152    0.2056680167606847    1.8347919279892206e-25
137.59124085135645    7.749043324228348e-25    0.7952609477933298    0.2047390522066702    1.8224843482604516e-25
137.89363918289789    7.764470840611838e-25    0.7961920366406285    0.2038079633593715    1.810326275064116e-25
138.19603751443933    7.779781402123525e-25    0.7971276713989488    0.2028723286010513    1.7982910858273943e-25
138.49843584598077    7.795015554870198e-25    0.7980714596098513    0.2019285403901488    1.7863383914249544e-25
138.8008341775222    7.81022809540682e-25    0.7990280789731857    0.2009719210268142    1.7744135580195953e-25
139.10323250906364    7.825476154180892e-25    0.8000019042034481    0.19999809579655195    1.7624596236207743e-25
139.40563084060508    7.84079633634596e-25    0.8009950029851095    0.1990049970148905    1.7504401572509894e-25
139.70802917214652    7.856202669779104e-25    0.8020074663662193    0.19799253363378072    1.7383413108855507e-25
140.010427503688    7.871707419650879e-25    0.8030394343442198    0.1969605656557803    1.7261510048226366e-25
140.3128258352294    7.887330050029248e-25    0.8040917062606645    0.19590829373933547    1.7138499660059257e-25
140.61522416677087    7.903094365256786e-25    0.8051653440753962    0.1948346559246037    1.701414586560814e-25
140.91762249831228    7.919024008391156e-25    0.8062610426613936    0.19373895733860635    1.6888214252595045e-25
141.22002082985375    7.9351299885933035e-25    0.807378021901398    0.1926219780986021    1.6760596800342755e-25
141.5224191613952    7.95140833487735e-25    0.8085141934376963    0.19148580656230374    1.6631335341163487e-25
141.82481749293666    7.967852806739913e-25    0.8096672814274745    0.1903327185725256    1.6500494452817745e-25
142.12721582447807    7.984450767206446e-25    0.8108342062740325    0.18916579372596745    1.636820272672114e-25
142.4296141560195    8.0011708887796875e-25    0.8120102532623061    0.1879897467376939    1.6234775706951264e-25
142.73201248756095    8.017971990986694e-25    0.8131901346104949    0.186809865389505    1.6100627513022416e-25
143.03441081910242    8.03481226841002e-25    0.8143686754418249    0.18563132455817508    1.5966178557734906e-25
143.33680915064386    8.051646524183405e-25    0.8155405093228226    0.18445949067717735    1.5831883210416554e-25
143.6392074821853    8.068431742863632e-25    0.8167004950034723    0.18329950499652772    1.569817406641617e-25
143.9416058137267    8.085129552517912e-25    0.8178436896881821    0.1821563103118179    1.5565437324386934e-25
144.24400414526818    8.101692382617855e-25    0.8189642317678169    0.18103576823218306    1.5434151205365166e-25
144.54640247680962    8.118056455643555e-25    0.8200550470621063    0.17994495293789364    1.5304956034567418e-25
144.8488008083511    8.134148687633051e-25    0.8211085130649791    0.17889148693502085    1.5178585233678945e-25
145.1511991398925    8.149898331773574e-25    0.8221174181333868    0.1778825818666133    1.505574888282183e-25
145.45359747143394    8.165250345248195e-25    0.8230759276255157    0.17692407237448415    1.4937000050070411e-25
145.75599580297538    8.180157838557333e-25    0.8239786255325052    0.17602137446749488    1.4822810296243578e-25
146.05839413451685    8.194553713301187e-25    0.8248182773632379    0.17518172263676204    1.4713853294982048e-25
146.36079246605829    8.208351767068869e-25    0.8255864084088387    0.17441359159116118    1.4610993781592227e-25
146.66319079759973    8.22147878832605e-25    0.8262759012307427    0.17372409876925723    1.4514966601933515e-25
146.96558912914116    8.233881965707974e-25    0.826881193984392    0.17311880601560795    1.442630261743427e-25
147.2679874606826    8.245509970904712e-25    0.8273966981047003    0.1726033018952998    1.4345517874252371e-25
147.57038579222404    8.256305006138472e-25    0.8278163079549203    0.17218369204507977    1.427319312648237e-25
147.8727841237655    8.2662065039394215e-25    0.8281337266088477    0.17186627339115237    1.4209936836366604e-25
148.17518245530692    8.275154958185316e-25    0.8283427641362745    0.1716572358637255    1.415634686190008e-25
148.4775807868484    8.283092442781274e-25    0.8284373530734401    0.1715626469265599    1.4113005268101317e-25
148.77997911838983    8.289955923540806e-25    0.8284110779532843    0.1715889220467157    1.4080545206348341e-25
149.08237744993127    8.295677614654724e-25    0.8282573778911697    0.1717426221088302    1.4059647347922759e-25
149.3847757814727    8.300197975813625e-25    0.8279705209950383    0.1720294790049617    1.4050909911096525e-25
149.68717411301415    8.303465034049042e-25    0.8275453810469441    0.1724546189530559    1.4054855441078248e-25
149.9895724445556    8.305421913829839e-25    0.8269766273683338    0.17302337263166623    1.4072055507443676e-25
150.29197077609703    8.30601203330147e-25    0.8262593327787369    0.17374066722126305    1.410307874020231e-25
150.59436910763847    8.305188551976873e-25    0.8253894852931769    0.1746105147068231    1.4148396351522458e-25
150.8967674391799    8.302905009635984e-25    0.8243630032161108    0.17563699678388922    1.4208475745507706e-25
151.19916577072135    8.299109330700255e-25    0.8231754175279553    0.17682458247204463    1.4283840473269501e-25
151.50156410226282    8.29375592998152e-25    0.8218230955670585    0.17817690443294165    1.4374949174301478e-25
151.80396243380426    8.286814749768903e-25    0.8203039642340497    0.17969603576595036    1.4482105204518613e-25
152.1063607653457    8.27826652750647e-25    0.8186168995139826    0.18138310048601738    1.4605503958456859e-25
152.4087590968871    8.268093197416643e-25    0.8167607861692245    0.1832392138307755    1.474532885208031e-25
152.71115742842858    8.256273466436877e-25    0.8147342396592193    0.18526576034078066    1.4901795562591544e-25
153.01355575997002    8.2427897776136425e-25    0.8125362743324676    0.1874637256675325    1.5075082393840147e-25
153.31595409151146    8.227635667899552e-25    0.8101668321569411    0.18983316784305895    1.5265256697827204e-25
153.6183524230529    8.210808895831243e-25    0.8076261674188049    0.19237383258119511    1.5472343597413934e-25
153.92075075459434    8.192304080246351e-25    0.8049143219521843    0.1950856780478158    1.5696399598603984e-25
154.22314908613578    8.172119304884455e-25    0.8020316807651777    0.19796831923482214    1.5937446544031964e-25
154.52554741767722    8.1502590443244415e-25    0.7989790512768822    0.20102094872311782    1.6195442353225884e-25
154.82794574921869    8.126723461458536e-25    0.7957566704962419    0.20424332950375818    1.647038804760309e-25
155.1303440807601    8.101505431860287e-25    0.7923641492048801    0.20763585079511981    1.67623575065721e-25
155.43274241230156    8.074602859900278e-25    0.7888017491357325    0.2111982508642674    1.7071374306149867e-25
155.735140743843    8.046024610089836e-25    0.7850707786413592    0.2149292213586407    1.7397352405342409e-25
156.03753907538447    8.01578010390253e-25    0.7811724555059837    0.2188275444940163    1.774020017780459e-25
156.33993740692588    7.983868259759463e-25    0.777107012757284    0.22289298724271608    1.809993101187463e-25
156.64233573846732    7.950280909923854e-25    0.7728742895749807    0.22712571042501936    1.8476629141485707e-25
156.94473407000876    7.915017890563105e-25    0.7684751864246575    0.23152481357534252    1.8870298745431687e-25
157.2471324015502    7.87809413994978e-25    0.7639120276509456    0.23608797234905446    1.9280792965425028e-25
157.54953073309164    7.839523997874054e-25    0.7591868053519816    0.24081319464801837    1.9707970912281472e-25
157.8519290646331    7.799303424069695e-25    0.754299825688887    0.2457001743111129    2.0151875482076721e-25
158.15432739617452    7.757422579456025e-25    0.7492514833247299    0.25074851667527015    2.0612607544035206e-25
158.456725727716    7.713893164075927e-25    0.7440447022289318    0.2559552977710681    2.1090052561342546e-25
158.75912405925743    7.668748767473775e-25    0.7386843046672733    0.26131569533272675    2.158387708769152e-25
159.0615223907989    7.622022526910282e-25    0.7331747519082569    0.26682524809174324    2.2093752185712617e-25
159.3639207223403    7.573737260636901e-25    0.7275195850863727    0.27248041491362734    2.2619452094976544e-25
159.66631905388178    7.523916122639061e-25    0.7217226801172884    0.2782773198827118    2.3160747685378025e-25
159.96871738542322    7.472597156805785e-25    0.7157895016878487    0.28421049831215134    2.371726091631967e-25
160.27111571696463    7.419833436303983e-25    0.7097267825127906    0.2902732174872094    2.4288463443842343e-25
160.57351404850607    7.365678154176865e-25    0.7035411182930043    0.2964588817069958    2.487382571540474e-25
160.87591238004754    7.310184092779899e-25    0.6972392818788208    0.3027607181211794    2.547282227612731e-25
161.17831071158895    7.253424884718848e-25    0.6908300178488087    0.30916998215119124    2.6084719159968062e-25
161.48070904313042    7.195495372189309e-25    0.6843234758980146    0.3156765241019855    2.6708570297034986e-25
161.78310737467186    7.1364850854980385e-25    0.6777289536449546    0.3222710463550455    2.734348272918415e-25
162.08550570621333    7.076474272086677e-25    0.6710551008483164    0.3289448991516835    2.798865632042635e-25
162.38790403775474    7.015554590510324e-25    0.6643116549131244    0.33568834508687573    2.864317681760041e-25
162.6903023692962    6.95383426680943e-25    0.657509552597886    0.34249044740211404    2.930596428715987e-25
162.99270070083764    6.891427593301667e-25    0.6506599980647939    0.34934000193520603    2.9975878127772775e-25
163.29509903237908    6.8284456506093665e-25    0.6437736832038717    0.3562263167961283    3.065180985040632e-25
163.5974973639205    6.7649913705631105e-25    0.6368604887498135    0.3631395112501865    3.1332732449462226e-25
163.89989569546196    6.701165904090856e-25    0.6299302022256493    0.3700697977743506    3.2017636723980648e-25
164.20229402700338    6.637074787036989e-25    0.6229929132050944    0.3770070867949056    3.2705469619518004e-25
164.50469235854484    6.572820631734124e-25    0.6160584317870674    0.38394156821293274    3.339520731241777e-25
164.80709069008628    6.508508951392928e-25    0.6091369844025023    0.3908630155974977    3.4085796965748556e-25
165.10948902162772    6.444265990395213e-25    0.6022402233175117    0.3977597766824883    3.4775978426170896e-25
165.41188735316916    6.380223513203168e-25    0.5953794523290753    0.40462054767092465    3.546443633475364e-25
165.71428568471063    6.31648826370289e-25    0.5885635993578494    0.41143640064215065    3.6150105533450203e-25
166.01668401625207    6.2531463774209985e-25    0.581800118965998    0.41819988103400185    3.683212694263853e-25
166.3190823477935    6.190283737505947e-25    0.5750965441972846    0.42490345580271544    3.7509644000890695e-25
166.62148067933495    6.127994098173741e-25    0.5684610380753266    0.4315389619246735    3.8181721430129588e-25
166.92387901087636    6.066381320220676e-25    0.5619023578074939    0.4380976421925061    3.8847322880093737e-25
167.2262773424178    6.005544306831867e-25    0.5554283005855432    0.4445716994144568    3.9505461569710713e-25
167.52867567395927    5.94555354765292e-25    0.5490442116487874    0.45095578835121264    4.015543484565332e-25
167.8310740055007    5.886461588731878e-25    0.5427544384319308    0.4572455615680693    4.079671948200755e-25
168.13347233704215    5.828331696600853e-25    0.5365644303580985    0.4634355696419014    4.142868503848656e-25
168.4358706685836    5.771240533296469e-25    0.5304804957729011    0.4695195042270988    4.205056710929952e-25
168.73826900012503    5.715262731990787e-25    0.5245083688906278    0.47549163110937215    4.266162156589707e-25
169.0406673316665    5.66045375502131e-25    0.5186519030962544    0.4813480969037457    4.326129597561386e-25
169.3430656632079    5.606843955685373e-25    0.5129132279419171    0.48708677205808293    4.384928898256758e-25
169.64546399474938    5.554465720822337e-25    0.5072952237344361    0.4927047762655638    4.442527888063106e-25
169.94786232629082    5.50337426990995e-25    0.5018023022540865    0.49819769774591344    4.498871562136546e-25
170.25026065783229    5.453613610705001e-25    0.4964372969508588    0.5035627030491412    4.553916125660518e-25
170.5526589893737    5.405187343764386e-25    0.49120013628509107    0.508799863714909    4.607658189205702e-25
170.85505732091514    5.358088801184537e-25    0.4860907504586288    0.5139092495413711    4.660104629843861e-25
171.15745565245658    5.312331695306859e-25    0.4811108694004341    0.5188891305995659    4.711241942294044e-25
171.45985398399802    5.267938523202618e-25    0.4762626132952452    0.5237373867047549    4.7610478343131715e-25
171.76225231553946    5.22491872587772e-25    0.4715468122619925    0.5284531877380075    4.809513067386611e-25
172.06465064708092    5.183259378779565e-25    0.46696265680119636    0.5330373431988036    4.856650766129917e-25
172.36704897862234    5.142933954745987e-25    0.46250880831161595    0.537491191688384    4.902487655251514e-25
172.6694473101638    5.103920051387711e-25    0.4581845963782952    0.5418154036217048    4.947046332069335e-25
172.97184564170524    5.06619733834964e-25    0.4539895454678607    0.5460104545321394    4.990347319138642e-25
173.2742439732467    5.029743096475947e-25    0.449923289861325    0.5500767101386751    5.032413524982166e-25
173.57664230478812    4.994554076546241e-25    0.4459870891814482    0.5540129108185518    5.073248385280143e-25
173.87904063632956    4.960647563096712e-25    0.4421831333319538    0.5578168666680463    5.112834799027625e-25
174.18143896787097    4.928021362370272e-25    0.43851166528053814    0.5614883347194617    5.1511751405975855e-25
174.48383729941244    4.89664283251751e-25    0.4349710571461086    0.5650289428538914    5.188302229534574e-25
174.78623563095388    4.8664812157385795e-25    0.4315603580890473    0.5684396419109529    5.224246998375954e-25
175.08863396249535    4.8375223181679155e-25    0.4282799637817256    0.5717200362182744    5.2590238127296185e-25
175.39103229403676    4.8097584591763225e-25    0.4251307398636855    0.5748692601363146    5.292640521951605e-25
175.69343062557823    4.783184104296108e-25    0.42211374172095106    0.577886258279049    5.325102826214494e-25
175.99582895711967    4.757800820285884e-25    0.4192306202974399    0.58076937970256    5.35640932145653e-25
176.29822728866114    4.733625877211181e-25    0.4164840940495973    0.5835159059504027    5.3865428973381555e-25
176.60062562020255    4.71068655061073e-25    0.41387715920889045    0.5861228407911097    5.415476435132614e-25
176.90302395174402    4.688995019301574e-25    0.4114114463825256    0.5885885536174744    5.44319790998377e-25
177.2054222832854    4.668548438654056e-25    0.4090878629788799    0.5909121370211201    5.469710317676585e-25
177.50782061482687    4.649361383160765e-25    0.40690882726497196    0.593091172735028    5.494999232099839e-25
177.8102189463683    4.6314709161454635e-25    0.4048780417238667    0.5951219582761335    5.519027735582103e-25
178.11261727790978    4.614911651346586e-25    0.4029987532883517    0.5970012467116483    5.541761357371866e-25
178.4150156094512    4.599710540892829e-25    0.4012736912866811    0.5987263087133188    5.563173285721998e-25
178.71741394099266    4.585894995433658e-25    0.39970556391625706    0.600294436083743    5.583236247814292e-25
179.0198122725341    4.573492105697395e-25    0.3982968944269182    0.6017031055730818    5.601923288264788e-25
179.32221060407554    4.56253202988294e-25    0.3970502891644318    0.6029497108355681    5.619204381801451e-25
179.62460893561698    4.553051167170072e-25    0.39596864927090997    0.6040313507290901    5.635043259827219e-25
179.92700726715842    4.5450831682266e-25    0.3950545625248519    0.6049454374751481    5.6494063999922585e-25
180.22940559869988    4.538651599875254e-25    0.3943097490665212    0.6056902509334787    5.662270361611149e-25
180.53180393024132    4.533767296528337e-25    0.39373478270139534    0.6062652172986047    5.673624434326287e-25
180.83420226178274    4.53042916094877e-25    0.3933293522472464    0.6066706477527536    5.683469837455232e-25
181.13660059332418    4.528638982394735e-25    0.3930935245032326    0.6069064754967674    5.6918049019489095e-25
181.43899892486561    4.528409569846607e-25    0.39302807709907794    0.6069719229009221    5.698616937261483e-25
181.74139725640708    4.529747096609102e-25    0.3931330307798517    0.6068669692201483    5.703899886858992e-25
182.04379558794852    4.532644143922132e-25    0.3934073334598558    0.6065926665401442    5.7076612847309685e-25
182.34619391948996    4.537098271954847e-25    0.3938502495475928    0.6061497504524074    5.7099036845270145e-25
182.6485922510314    4.543115264568056e-25    0.3944614035287886    0.6055385964712113    5.71062141494837e-25
182.95099058257284    4.5506922305033955e-25    0.39523949893572335    0.6047605010642766    5.709817478732273e-25
183.2533889141143    4.55981208415387e-25    0.39618197811067213    0.6038180218893278    5.707509072063967e-25
183.55578724565572    4.570448506732814e-25    0.3972854838517587    0.6027145161482413    5.703722623591494e-25
183.8581855771972    4.582570636402502e-25    0.39854637101918144    0.6014536289808184    5.698489104476304e-25
184.1605839087386    4.596148240816642e-25    0.39996108458818064    0.6000389154118194    5.691838856026042e-25
184.46298224028004    4.611149125004592e-25    0.40152578024539204    0.598474219754608    5.683804181999075e-25
184.7653805718215    4.627534164012109e-25    0.40323593710457695    0.5967640628954232    5.674424316170771e-25
185.06777890336295    4.645263421106058e-25    0.4050869191820597    0.5949130808179404    5.663739304335205e-25
185.3701772349044    4.664296449394465e-25    0.40707399200296407    0.5929260079970358    5.651789702884917e-25
185.67257556644583    4.684582207291405e-25    0.4091915888268253    0.5908084111731746    5.63862666354079e-25
185.97497389798727    4.706067049449178e-25    0.41143396746119815    0.5885660325388019    5.624303942613817e-25
186.27737222952874    4.728710471123754e-25    0.41379628281547076    0.5862037171845292    5.60886215685244e-25
186.57977056107015    4.752474492879094e-25    0.41627370938656394    0.5837262906134361    5.592339398975294e-25
186.88216889261162    4.777305974586583e-25    0.41886025107749475    0.5811397489225053    5.5747889239069e-25
187.18456722415306    4.803141511826513e-25    0.4215491839588583    0.5784508160411418    5.556274252584482e-25
187.48696555569452    4.829920366002007e-25    0.42433396853738403    0.5756660314626159    5.536856242035722e-25
187.7893638872359    4.857590484339892e-25    0.42720871981024494    0.572791280189755    5.516587065574706e-25
188.09176221877738    4.886106652364504e-25    0.43016802860102704    0.5698319713989729    5.495512060548655e-25
188.3941605503188    4.915418603608145e-25    0.4332059524857389    0.566794047514261    5.473681618871112e-25
188.69655888186026    4.945467063739728e-25    0.4363158443885193    0.5636841556114809    5.4511551431384845e-25
188.9989572134017    4.976197493692636e-25    0.43949154598520423    0.5605084540147959    5.427987303730768e-25
189.30135554494316    5.007561388553646e-25    0.4427273454416803    0.5572726545583198    5.404226740134798e-25
189.60375387648457    5.039500603671282e-25    0.4460167234473539    0.5539832765526461    5.379931735024958e-25
189.90615220802604    5.071948422359174e-25    0.44935259001995437    0.5506474099800456    5.355169146717709e-25
190.20855053956748    5.104843406031929e-25    0.45272840894824595    0.547271591051754    5.330000559180633e-25
190.51094887110895    5.138134377334434e-25    0.4561386932219233    0.5438613067780768    5.304477299055718e-25
190.81334720265036    5.171785216500211e-25    0.45957945569738057    0.5404205443026194    5.2786356394558425e-25
191.11574553419177    5.205772699322273e-25    0.46304761974904807    0.5369523802509519    5.252498962143107e-25
191.4181438657332    5.240062862131624e-25    0.46653878805734    0.53346121194266    5.226101392683996e-25
191.72054219727468    5.274597138555043e-25    0.4700465329796002    0.5299534670203998    5.199501663802788e-25
192.02294052881612    5.309310152365478e-25    0.47356436452346407    0.5264356354765359    5.1727653226120705e-25
192.3253388603576    5.344151740268743e-25    0.4770875505265602    0.52291244947344    5.145942707874483e-25
192.627737191899    5.37909319259731e-25    0.48061324764817526    0.5193867523518247    5.119062709328619e-25
192.93013552344047    5.414114505089284e-25    0.48413894862393936    0.5158610513760606    5.092145515927823e-25
193.2325338549819    5.44917976231232e-25    0.4876605219572242    0.5123394780427758    5.065227232444642e-25
193.53493218652335    5.484238556801668e-25    0.49117302362250875    0.5088269763774913    5.0383584603533855e-25
193.8373305180648    5.519256300324547e-25    0.4946732372962966    0.5053267627037034    5.011573986558033e-25
194.13972884960623    5.554215760732306e-25    0.49815909173346984    0.50184090826653    4.984891246516309e-25
194.44212718114764    5.58909030856224e-25    0.5016274062744156    0.4983725937255843    4.958337077614296e-25
194.7445255126891    5.623845512959733e-25    0.5050745003599414    0.4949254996400586    4.931946123220984e-25
195.04692384423055    5.6584570679607085e-25    0.5084975960939648    0.49150240390603517    4.905742906374956e-25
195.349322175772    5.692905254030271e-25    0.5118940884919816    0.4881059115080184    4.8797473682018295e-25
195.65172050731343    5.727163305386985e-25    0.5152606530697377    0.48473934693026244    4.853986500528884e-25
195.9541188388549    5.761198837663621e-25    0.5185935302900632    0.4814064697099368    4.828492918147748e-25
196.25651717039634    5.794982554434073e-25    0.5218893747359571    0.47811062526404285    4.803296152191682e-25
196.55891550193778    5.82849646655849e-25    0.5251457412941899    0.4748542587058101    4.778414430688914e-25
196.86131383347922    5.861720680835261e-25    0.5283596153194818    0.4716403846805182    4.753867889825146e-25
197.16371216502066    5.894610750737608e-25    0.5315259414647081    0.468474058535292    4.7297012231409035e-25
197.46611049656212    5.927113557924721e-25    0.5346395826251141    0.465360417374886    4.705967799947234e-25
197.76850882810353    5.959192793004446e-25    0.5376969585320756    0.46230304146792445    4.682704184464694e-25
198.07090715964497    5.990805458843709e-25    0.5406935880513923    0.45930641194860766    4.659953632381533e-25
198.37330549118641    6.021879131350714e-25    0.5436228974887535    0.4563771025112464    4.637788829903867e-25
198.67570382272788    6.052342838477435e-25    0.5464792967558636    0.45352070324413646    4.6162810145547575e-25
198.9781021542693    6.082156211180803e-25    0.5492600652270254    0.45073993477297447    4.595470823999419e-25
199.28050048581073    6.111296223997767e-25    0.5519636975076946    0.44803630249230536    4.575381555254595e-25
199.5828988173522    6.139731798814466e-25    0.5545877550356257    0.4454122449643743    4.5560445606987175e-25
199.88529714889364    6.167413918862244e-25    0.5571284574261419    0.44287154257385813    4.537509133845452e-25
200.18769548043508    6.194294855962379e-25    0.5595827172156691    0.4404172827843308    4.519823281858732e-25
200.49009381197655    6.220354222068062e-25    0.5619498859539763    0.4380501140460237    4.503007673772936e-25
200.792492143518    6.245582207474188e-25    0.5642297743962029    0.43577022560379713    4.487072402052183e-25
201.09489047505946    6.26995096209987e-25    0.5664207536661687    0.4335792463338313    4.472045601070726e-25
201.39728880660084    6.293434453389546e-25    0.5685218028330187    0.4314781971669814    4.457953588953395e-25
201.6996871381423    6.316031772801206e-25    0.5705338676904573    0.4294661323095428    4.44479756082266e-25
202.00208546968372    6.337749860049158e-25    0.5724582084919264    0.42754179150807375    4.432570864304879e-25
202.30448380122516    6.358591763712549e-25    0.5742957228393497    0.42570427716065024    4.421270738690294e-25
202.6068821327666    6.378560968952341e-25    0.5760472367216001    0.4239527632783999    4.410893986999695e-25
202.90928046430807    6.397656309592477e-25    0.577713196302031    0.4222868036979691    4.401442063700454e-25
203.2116787958495    6.41588107701028e-25    0.5792946629411931    0.42070533705880686    4.392911965623896e-25
203.51407712739098    6.433260981797396e-25    0.5807942857202318    0.4192057142797681    4.385278270118283e-25
203.81647545893242    6.449829251587333e-25    0.5822146193681148    0.41778538063188525    4.3785080370372325e-25
204.11887379047386    6.465600065612823e-25    0.583556316876245    0.41644368312375496    4.372587373998511e-25
204.42127212201527    6.480563049624084e-25    0.584818230421869    0.41518176957813097    4.367526941283361e-25
204.72367045355674    6.494694348421334e-25    0.5859988134122158    0.4140011865877842    4.363350879124441e-25
205.02606878509815    6.507989207705216e-25    0.5870987765829999    0.412901223417    4.360064225679001e-25
205.3284671166396    6.520485308274924e-25    0.5881218853384761    0.41187811466152385    4.357629582656488e-25
205.63086544818103    6.532228126031121e-25    0.5890715024307759    0.41092849756922406    4.356001755132658e-25
205.9332637797225    6.543232502512525e-25    0.5899483561738887    0.41005164382611115    4.355166180808674e-25
206.23566211126393    6.553501148547116e-25    0.5907525780421623    0.40924742195783775    4.355120426139737e-25
206.5380604428054    6.563043548076408e-25    0.5914848229096715    0.4085151770903285    4.355855282297748e-25
206.84045877434684    6.571864378672527e-25    0.5921454374886662    0.40785456251133384    4.357366344460027e-25
207.14285710588825    6.579969854774897e-25    0.592735205566877    0.407264794433123    4.35964766838881e-25
207.4452554374297    6.587383422394446e-25    0.5932561658080721    0.40674383419192806    4.362676075538794e-25
207.74765376897116    6.594135253555968e-25    0.5937105088859922    0.4062894911140078    4.366421658411793e-25
208.0500521005126    6.600245056930231e-25    0.5940993713554276    0.4059006286445724    4.370864969714802e-25
208.352450432054    6.605713713806263e-25    0.5944224022802709    0.40557759771972907    4.376005386183573e-25
208.65484876359545    6.610527012925589e-25    0.5946784437970161    0.4053215562029839    4.381857373561907e-25
208.95724709513692    6.614675262748048e-25    0.5948670014930194    0.4051329985069805    4.388430874175921e-25
209.25964542667836    6.61815092528249e-25    0.594987583813006    0.40501241618699396    4.395733672971132e-25
209.56204375821983    6.620920908053636e-25    0.5950380302955991    0.4049619697044009    4.4037991054275665e-25
209.86444208976127    6.622941630664442e-25    0.5950163845294294    0.4049836154705706    4.412670990882274e-25
210.16684042130268    6.624202136289086e-25    0.5949234356906858    0.4050765643093142    4.422360520927382e-25
210.46923875284412    6.624711521769266e-25    0.5947608290232151    0.40523917097678486    4.432858829211648e-25
210.7716370843856    6.624457735799419e-25    0.5945284220045156    0.40547157799548444    4.444178193160092e-25
211.07403541592703    6.623411553517014e-25    0.5942252805988187    0.4057747194011813    4.456348059301438e-25
211.37643374746847    6.621555748880063e-25    0.593851793676817    0.406148206323183    4.469385870835219e-25
211.67883207900988    6.618896008604479e-25    0.5934101038553227    0.4065898961446772    4.483286153663184e-25
211.98123041055135    6.615449525321453e-25    0.5929029504980484    0.4070970495019515    4.498031923205842e-25
212.2836287420928    6.611223379356134e-25    0.5923323073039134    0.40766769269608666    4.513616302587478e-25
212.58602707363423    6.606216326582381e-25    0.5917000775996886    0.4082999224003116    4.530040734738095e-25
212.8884254051757    6.600448039673334e-25    0.5910099520656994    0.4089900479343006    4.547285741119822e-25
213.1908237367171    6.5939624356286695e-25    0.5902669857946236    0.40973301420537644    4.565307594198197e-25
213.49322206825855    6.58680435981855e-25    0.5894761510683273    0.41052384893167265    4.584061633401052e-25
213.79562039980001    6.579023365042332e-25    0.588642920973982    0.4113570790260181    4.603498486050857e-25
214.09801873134145    6.570689396627883e-25    0.5877739377729702    0.4122260622270297    4.623548382241535e-25
214.4004170628829    6.561880578199275e-25    0.5868759477026829    0.4131240522973171    4.644133369034361e-25
214.70281539442436    6.552669618994103e-25    0.5859551657246704    0.4140448342753295    4.665180903110783e-25
215.0052137259658    6.543129454073747e-25    0.585017769768024    0.41498223023197595    4.686618210548532e-25
215.3076120575072    6.53333607839605e-25    0.5840700752660481    0.41592992473395185    4.708369452740618e-25
215.61001038904865    6.5233657980108725e-25    0.5831183593058263    0.4168816406941737    4.73035847518532e-25
215.91240872059012    6.5132950944323005e-25    0.5821687352064236    0.41783126479357635    4.752508943099948e-25
216.21480705213153    6.503199383302741e-25    0.5812270952723612    0.418772904727639    4.774745582742754e-25
216.51720538367297    6.493157425390689e-25    0.5802994774852175    0.41970052251478246    4.796989770400047e-25
216.8196037152144    6.483257540759004e-25    0.5793922672325262    0.4206077327674738    4.819153318191716e-25
217.12200204675588    6.473585529409547e-25    0.5785114080590001    0.42148859194099986    4.841150553386722e-25
217.42440037829732    6.4642091192243275e-25    0.577661759925892    0.422338240074108    4.862913870429038e-25
217.7267987098388    6.455186972440522e-25    0.5768477375987464    0.4231522624012534    4.884384724456978e-25
218.02919704138023    6.446584145403526e-25    0.5760740786678221    0.42392592133217777    4.905498171549446e-25
218.33159537292167    6.438468346261408e-25    0.5753455973087428    0.42465440269125726    4.926186611004097e-25
218.63399370446308    6.430901433145626e-25    0.5746667492835069    0.42533325071649314    4.946388287112483e-25
218.93639203600455    6.423941364267103e-25    0.5740418533419954    0.4259581466580045    4.966045339026722e-25
219.23879036754596    6.417645011472422e-25    0.5734753670903365    0.4265246329096635    4.985100987173736e-25
219.5411886990874    6.412067892482346e-25    0.5729717566417388    0.4270282433582611    5.003499800993032e-25
219.84358703062884    6.407266783606699e-25    0.5725354479018219    0.4274645520981781    5.021185086194048e-25
220.1459853621703    6.403303862439759e-25    0.5721710971584618    0.4278289028415382    5.038094742004193e-25
220.44838369371175    6.40025211867728e-25    0.5718840886790235    0.4281159113209766    5.054155850249683e-25
220.75078202525322    6.39819902225413e-25    0.5716808498128989    0.4283191501871011    5.069281007074161e-25
221.05318035679466    6.397233109635218e-25    0.571567889473405    0.42843211052659486    5.083381736494195e-25
221.35557868833607    6.397423887781787e-25    0.5715503130725689    0.4284496869274312    5.096388586317092e-25
221.6579770198775    6.398831592831482e-25    0.5716324872409018    0.42836751275909823    5.108241369379274e-25
221.96037535141892    6.401531494271771e-25    0.5718197755745865    0.42818022442541354    5.118864859273107e-25
222.26277368296036    6.405603927532466e-25    0.572117787526985    0.427882212473015    5.128178757602853e-25
222.56517201450183    6.4111112158421365e-25    0.5725307151256837    0.4274692848743164    5.1361207719445775e-25
222.86757034604327    6.418109581609795e-25    0.5730622003957906    0.4269377996042095    5.142634704256442e-25
223.16996867758473    6.426672239053954e-25    0.5737169626670967    0.42628303733290335    5.147647358020083e-25
223.47236700912617    6.436884083909506e-25    0.5745004216613104    0.42549957833868973    5.151073848313032e-25
223.77476534066764    6.448815743056169e-25    0.5754168292770896    0.4245831707229103    5.152843552002032e-25
224.07716367220908    6.462499764159239e-25    0.5764675666661502    0.4235324333338499    5.15292391796101e-25
224.3795620037505    6.477937166185071e-25    0.5776518288831158    0.42234817111688405    5.15131391640699e-25
224.68196033529193    6.495135828507005e-25    0.5789694831086756    0.4210305168913245    5.148005649588288e-25
224.9843586668334    6.514122205076618e-25    0.5804216398997448    0.4195783601002553    5.142972637356656e-25
225.28675699837484    6.534913741055303e-25    0.582008601542216    0.41799139845778394    5.1361974002938805e-25
225.58915532991625    6.557514947352855e-25    0.5837297620359855    0.4162702379640146    5.127675384989111e-25
225.8915536614577    6.581929400388279e-25    0.5855843856043559    0.4144156143956441    5.117402964145494e-25
226.19395199299916    6.608140213429194e-25    0.5875702553299542    0.4124297446700459    5.105396965146633e-25
226.4963503245406    6.636102898345234e-25    0.5896834930072373    0.4103165069927627    5.091701808226009e-25
226.79874865608204    6.6657754208616065e-25    0.5919205650704806    0.40807943492951937    5.076359451119137e-25
227.1011469876235    6.6971237937560265e-25    0.5942783975920815    0.40572160240791855    5.059403795767644e-25
227.40354531916492    6.730101881303873e-25    0.5967532275336679    0.403246772466332    5.040880883812054e-25
227.70594365070636    6.764653258396565e-25    0.5993409618402797    0.4006590381597202    5.020847037449812e-25
228.00834198224783    6.800726113001024e-25    0.6020380722956035    0.39796192770439653    4.99935395695815e-25
228.31074031378927    6.838287742249084e-25    0.6048424678930905    0.3951575321069095    4.97643422457565e-25
228.6131386453307    6.87732801350759e-25    0.6077534129001022    0.39224658709989785    4.952097843398158e-25
228.91553697687212    6.917826748983756e-25    0.6107691126247381    0.3892308873752619    4.926364852761124e-25
229.2179353084136    6.959737251794057e-25    0.6138861448011766    0.3861138551988233    4.899281802188017e-25
229.52033363995503    7.003031188250679e-25    0.6171026881252885    0.38289731187471143    4.870876869127363e-25
229.82273197149647    7.047714800054299e-25    0.6204189236370793    0.37958107636292066    4.841143646786105e-25
230.12513030303793    7.093783280582997e-25    0.6238338921562967    0.37616610784370336    4.810086767898883e-25
230.42752863457935    7.141212972281546e-25    0.6273454735261491    0.37265452647385094    4.77772970741583e-25
230.7299269661208    7.189988750527352e-25    0.6309520760613381    0.3690479239386618    4.744087398691475e-25
231.03232529766223    7.240095573400266e-25    0.6346520210910268    0.3653479789089733    4.70917468374741e-25
231.3347236292037    7.29151597415525e-25    0.6384438101002512    0.36155618989974886    4.67300882083886e-25
231.63712196074513    7.344258039732409e-25    0.6423277413441725    0.35767225865582747    4.6355815060015105e-25
231.9395202922866    7.398353618631727e-25    0.6463051372616929    0.35369486273830714    4.596860665272935e-25
232.24191862382798    7.45382376690327e-25    0.6503759180314841    0.349624081968516    4.556825008857375e-25
232.54431695536945    7.510645068051319e-25    0.654536682313152    0.3454633176868479    4.515497711420511e-25
232.8467152869109    7.568744624362802e-25    0.6587812791669088    0.34121872083309124    4.472951420962621e-25
233.14911361845236    7.628063425020116e-25    0.6631056243179297    0.33689437568207015    4.42924489087313e-25
233.45151194999377    7.688614967511515e-25    0.6675103962267926    0.3324896037732073    4.384364358655347e-25
233.7539102815352    7.750425855768505e-25    0.6719959291840498    0.3280040708159501    4.338282947939826e-25
234.05630861307665    7.8134635572496365e-25    0.676558435019352    0.32344156498064797    4.291032911600039e-25
234.35870694461812    7.877685215624285e-25    0.6811941954800139    0.3188058045199861    4.242656819276817e-25
234.66110527615956    7.943095040548496e-25    0.6859025751163755    0.3140974248836244    4.193150167789045e-25
234.96350360770103    8.009708955590394e-25    0.6906830621276191    0.309316937872381    4.142496733396145e-25
235.26590193924247    8.077513649048801e-25    0.6955328796851675    0.3044671203148325    4.090709521194272e-25
235.56830027078388    8.146473373256094e-25    0.7004478086868555    0.2995521913131445    4.037823966052999e-25
235.87069860232532    8.2165549726251345e-25    0.7054240465075038    0.29457595349249627    3.9838729048287093e-25
236.17309693386673    8.287743778072845e-25    0.7104588516861293    0.2895411483138706    3.9288706822234063e-25
236.47549526540817    8.360012313228509e-25    0.7155479412543619    0.28445205874563806    3.87284444487393e-25
236.77789359694964    8.433281755184673e-25    0.7206836971242565    0.2793163028757435    3.815872680893691e-25
237.08029192849108    8.50746195849552e-25    0.7258585606878033    0.2741414393121967    3.758045196133612e-25
237.38269026003255    8.58249975052755e-25    0.7310674444782244    0.2689325555217757    3.6994148190552345e-25
237.685088591574    8.658352710440513e-25    0.7363055315243398    0.2636944684756602    3.6400236219909255e-25
237.98748692311543    8.734976566146967e-25    0.7415678107726492    0.2584321892273507    3.579915524486138e-25
238.2898852546569    8.812344304905648e-25    0.7468497970682407    0.25315020293175916    3.519117183068759e-25
238.5922835861983    8.890401476649894e-25    0.7521441952052959    0.24785580479470426    3.4576826883296413e-25
238.89468191773975    8.969014194668155e-25    0.7574386555598037    0.24256134444019622    3.395745564666802e-25
239.19708024928116    9.048006617948053e-25    0.7627192255893148    0.23728077441068524    3.333481288343395e-25
239.4994785808226    9.127222854278576e-25    0.7679742087184361    0.23202579128156386    3.271045384774136e-25
239.80187691236407    9.206545005406096e-25    0.7731947480269867    0.22680525197301327    3.2085553837953685e-25
240.1042752439055    9.28587241499261e-25    0.7783727993036331    0.22162720069636677    3.146111572201565e-25
240.40667357544697    9.365077180453107e-25    0.7834983269197672    0.21650167308023271    3.0838414824478194e-25
240.7090719069884    9.443999399630503e-25    0.788559908775363    0.211440091224637    3.0219046465265066e-25
241.01147023852985    9.522492133266193e-25    0.7935474723159377    0.2064525276840623    2.9604476340349468e-25
241.31386857007132    9.600412882091155e-25    0.7984509608695753    0.20154903913042463    2.8996125756151375e-25
241.61626690161273    9.677579472081692e-25    0.8032582579916314    0.1967417420083685    2.8395812782322366e-25
